7	18	31	34	36	49	43
3	9	13	36	48	50	1
1	19	24	26	28	42	30
5	6	14	32	43	56	24
8	22	27	39	52	53	49
4	20	30	35	51	54	38
10	11	13	24	34	49	6
1	2	15	27	40	45	22
12	18	19	30	33	49	43
14	15	27	37	40	44	36
1	2	8	22	25	37	39
19	29	33	35	36	42	52
6	14	21	24	35	41	33
7	13	14	28	31	43	38
6	10	13	36	39	43	42
8	18	24	33	39	40	2
8	29	36	48	53	56	40
7	24	25	40	44	54	2
3	4	33	37	40	44	6
6	44	48	49	51	53	31
4	16	17	18	29	33	22
1	8	23	29	45	50	6
12	32	44	45	47	56	50
4	6	8	30	34	38	12
8	18	19	37	43	48	42
1	15	17	23	30	38	53
8	17	19	22	36	39	41
3	15	27	50	54	56	10
5	6	9	27	32	40	47
10	15	26	44	53	55	14
4	29	40	47	51	52	7
30	31	38	42	45	54	27
8	11	15	24	35	55	5
12	16	19	21	35	39	32
2	35	46	47	51	53	49
2	14	19	29	30	38	7
5	12	27	29	44	53	49
7	8	31	44	47	54	12
8	10	14	17	27	41	36
18	19	38	48	53	56	17
1	10	26	30	39	42	35
22	26	31	39	44	52	24
1	19	32	39	40	41	3
3	9	18	32	47	54	52
14	18	32	48	50	54	1
15	17	19	23	25	42	1
9	38	44	52	54	55	48
4	10	15	32	35	45	2
2	7	12	28	52	54	53
7	17	19	34	46	53	12
1	8	24	26	35	50	17
7	8	24	26	27	28	10
21	27	29	35	38	46	2
2	5	19	31	47	54	30
1	11	12	29	36	51	3
1	18	30	44	45	54	11
7	14	38	41	46	54	31
15	28	50	51	55	56	3
2	4	22	24	39	55	41
2	20	21	35	39	48	1
2	8	12	24	29	41	33
16	27	31	33	39	43	8
6	13	15	19	55	56	40
1	5	9	19	39	44	33
8	12	22	26	34	55	30
4	6	21	29	51	52	27
7	10	28	32	40	51	50
4	25	26	47	53	56	37
2	11	15	32	37	44	55
2	19	30	38	42	48	20
2	15	19	36	42	43	13
12	14	36	38	45	48	29
1	3	18	19	50	56	52
1	8	11	19	22	27	42
1	17	18	27	49	53	25
1	6	15	24	30	55	46
10	20	25	46	52	56	33
1	38	40	42	50	56	4
18	19	24	28	33	47	16
7	10	13	27	50	54	20
10	11	18	29	37	40	45
12	20	30	41	49	53	18
8	14	17	25	27	38	18
9	15	17	27	29	36	50
6	14	26	41	43	52	5
3	5	46	49	50	55	14
4	10	24	27	41	55	38
5	10	16	35	37	50	25
5	9	18	29	32	56	27
1	18	33	34	40	45	12
6	16	19	38	48	51	25
3	7	46	47	54	55	30
11	15	33	46	48	52	18
15	17	24	30	39	52	18
3	4	19	32	36	56	28
7	10	14	19	35	39	43
21	22	35	38	40	53	16
12	24	34	41	47	49	26
15	16	21	26	43	50	2
3	4	22	40	46	55	11
3	5	22	23	37	53	10
3	10	16	20	50	53	31
2	35	37	42	44	49	23
18	19	26	31	45	51	32
5	13	30	42	49	50	38
7	11	19	29	39	47	35
14	31	32	36	48	50	20
4	23	24	25	36	53	51
5	23	29	42	46	52	24
2	8	12	20	45	54	33
6	35	44	48	52	54	55
12	14	19	35	45	49	43
10	12	17	20	48	53	9
2	7	11	15	43	49	40
9	25	30	33	36	50	16
29	30	37	41	45	56	12
14	35	39	43	44	46	48
7	10	20	21	25	31	3
6	36	37	40	45	49	39
1	8	12	14	18	38	56
1	16	18	36	44	51	31
2	6	20	42	43	50	38
3	18	33	38	48	49	45
1	21	23	29	48	50	30
11	22	24	26	47	48	8
1	14	26	40	45	55	10
4	12	18	23	38	41	16
7	16	21	31	45	46	1
4	18	20	24	33	55	46
15	24	39	42	45	56	31
3	7	13	18	20	23	49
23	25	33	41	44	56	11
5	8	21	24	30	47	34
5	12	21	30	36	52	43
21	25	27	32	33	41	42
9	12	18	34	40	54	25
8	14	15	36	45	49	6
4	16	24	25	28	54	33
1	8	19	26	32	56	17
23	25	28	33	35	53	4
27	31	33	39	48	54	24
17	24	27	33	35	55	19
4	15	27	28	32	34	5
3	38	40	46	49	52	45
4	12	13	20	45	54	43
10	14	18	26	27	55	39
1	8	9	16	22	44	38
13	20	39	43	54	56	42
1	3	11	28	41	49	53
5	17	19	46	48	50	55
2	3	26	49	50	52	29
13	15	30	37	40	45	31
15	20	23	44	51	52	6
1	13	17	24	34	53	39
5	8	13	15	24	47	48
4	21	28	39	49	52	2
19	29	36	42	44	52	45
18	27	30	41	43	51	49
1	3	12	30	31	38	16
13	18	32	33	34	54	28
9	27	35	43	50	52	41
7	14	38	40	43	56	34
6	9	13	21	29	45	7
6	20	24	35	52	53	34
8	11	25	35	36	51	37
8	15	24	29	30	49	9
5	17	22	27	37	52	42
15	32	41	45	48	52	20
11	29	45	47	53	54	23
7	9	27	43	47	52	4
18	21	29	41	55	56	48
2	13	15	20	30	50	36
10	17	29	33	40	46	32
21	23	34	39	43	49	56
1	18	22	35	36	56	17
1	2	8	11	42	54	47
13	18	32	33	40	46	26
5	11	22	31	32	53	45
25	35	43	45	48	50	52
3	6	7	22	32	51	35
8	15	23	26	35	52	16
4	7	21	52	55	56	12
2	3	32	46	49	55	35
20	35	38	42	46	55	56
12	13	14	15	25	30	43
22	23	36	37	45	50	15
1	6	18	29	31	47	42
6	7	9	21	33	37	1
13	27	29	33	41	45	49
21	23	29	31	40	56	52
1	11	13	20	41	49	18
10	12	18	21	44	55	46
29	32	34	42	45	51	11
23	25	33	41	44	51	4
1	2	11	31	35	54	41
19	21	36	38	42	51	28
21	28	33	39	51	52	31
4	20	21	22	45	47	24
1	15	22	36	39	49	31
1	10	28	33	38	54	35
6	26	34	40	42	52	53
16	19	21	27	29	37	22
10	13	26	31	36	53	48
6	9	16	17	27	29	15
18	40	44	49	51	54	15
2	17	20	26	46	50	51
3	10	13	22	29	30	46
2	23	24	28	50	53	12
9	17	29	37	49	50	2
6	13	16	27	29	55	15
5	6	12	21	53	55	15
15	17	26	31	37	42	29
8	12	13	28	34	48	43
13	18	22	33	43	53	25
5	10	14	24	49	54	32
20	46	50	53	54	55	6
29	37	40	44	53	54	42
6	7	8	25	26	40	55
10	11	14	23	24	38	44
11	28	41	44	47	55	52
3	8	10	11	14	56	18
29	36	38	39	42	49	48
5	20	35	48	53	56	23
10	14	34	37	42	54	1
4	5	34	38	46	55	29
15	16	40	41	51	52	25
21	27	40	44	45	53	37
3	18	19	45	49	50	54
3	8	19	25	34	51	10
1	3	8	17	36	41	44
22	27	42	48	53	55	28
12	17	18	37	44	50	8
6	21	23	26	35	53	44
13	22	28	33	34	50	7
1	5	14	23	24	54	56
2	9	11	17	27	42	25
9	11	22	36	47	49	38
3	7	13	32	40	41	22
1	9	17	18	35	47	13
14	15	32	50	53	55	43
2	4	35	44	54	56	28
1	21	24	26	29	33	22
5	17	18	23	29	30	40
1	9	26	41	47	53	5
8	33	36	37	52	56	38
6	27	38	45	53	54	18
10	24	34	44	47	53	5
6	8	18	32	43	51	17
2	33	36	39	44	52	30
28	32	34	43	49	55	7
5	14	22	34	35	41	43
12	20	25	35	41	43	6
5	10	17	42	47	54	12
18	19	27	47	53	56	51
3	10	14	30	45	56	9
11	12	21	30	39	41	48
4	5	14	18	54	55	15
24	33	35	38	49	52	2
11	13	18	25	27	56	28
1	6	10	14	30	53	54
6	9	18	33	35	48	24
13	16	19	20	21	32	15
11	13	19	31	42	46	6
15	22	24	29	31	50	7
2	3	6	29	33	44	38
17	24	26	32	34	40	37
8	17	31	46	47	54	18
1	2	17	20	36	56	48
1	5	15	32	33	36	47
2	24	26	31	48	50	44
10	15	31	37	51	56	26
2	9	11	36	49	56	27
7	8	24	25	37	55	42
16	24	37	38	47	52	13
5	13	18	22	30	43	56
2	4	16	24	31	40	39
8	25	32	46	49	56	41
20	23	37	39	41	56	46
7	14	30	49	51	55	13
11	15	34	41	44	50	30
5	8	11	20	25	41	14
4	7	17	29	31	51	12
14	32	33	36	39	40	29
15	21	28	35	40	48	27
4	6	13	15	17	29	42
1	5	31	46	52	56	2
1	8	20	29	37	44	25
5	12	14	17	41	46	13
7	11	13	15	47	51	24
6	15	18	20	38	43	27
2	7	9	25	32	41	38
5	16	23	24	33	47	11
1	13	22	32	36	53	54
6	22	24	27	41	45	51
1	3	13	33	39	51	43
12	19	21	24	41	42	3
8	16	21	36	48	51	45
3	6	32	36	42	45	27
23	28	32	34	37	38	55
26	32	38	41	55	56	42
3	7	14	18	33	44	29
10	20	23	24	40	49	44
3	22	24	37	39	42	50
1	6	12	18	22	33	19
1	3	26	48	49	51	45
23	24	26	32	35	54	45
12	13	28	33	34	51	53
29	32	38	39	51	54	53
20	22	39	51	52	54	38
6	10	29	47	55	56	54
8	9	17	32	34	48	27
13	21	35	36	44	47	54
12	14	24	34	49	50	52
19	39	43	49	50	52	17
8	21	33	43	44	50	14
3	26	29	37	51	54	38
7	24	26	49	51	54	25
6	13	15	22	40	41	38
2	3	5	11	47	48	44
4	20	37	43	54	55	21
1	5	17	31	42	46	51
7	14	38	44	46	49	6
26	28	35	40	41	49	52
14	23	43	44	45	56	17
2	6	10	14	27	45	39
12	15	22	34	36	48	54
4	10	13	17	28	29	47
13	23	27	32	49	52	12
1	11	14	23	46	49	34
4	7	18	19	20	37	17
10	14	15	23	49	52	4
15	27	30	38	44	55	41
4	22	28	38	49	51	32
3	14	19	25	39	50	49
1	6	36	42	44	45	19
2	5	15	17	44	55	12
9	17	18	31	41	54	8
6	11	25	38	50	53	47
1	6	27	31	37	48	55
5	18	25	35	39	48	16
15	17	18	28	30	40	3
2	4	21	25	33	46	17
12	15	25	32	34	50	51
24	31	44	47	54	56	50
6	10	30	31	34	36	47
1	13	42	45	50	53	33
18	22	23	33	52	54	11
5	9	26	39	40	43	48
13	18	22	29	33	50	6
1	3	14	26	29	32	51
9	16	19	33	46	50	10
7	10	37	45	54	55	23
22	24	25	31	32	56	38
4	17	30	36	42	53	32
9	25	27	30	31	41	2
5	26	38	48	50	54	13
6	17	21	26	41	51	30
11	13	25	27	48	53	18
9	37	40	42	50	55	45
3	8	32	37	39	43	30
11	15	28	31	39	50	2
1	5	15	18	24	54	50
7	16	18	24	46	54	49
1	11	20	38	41	43	39
1	3	5	53	54	56	42
16	18	34	42	47	55	43
3	30	42	49	50	51	40
3	7	10	28	34	43	20
1	5	24	29	30	46	19
1	12	14	31	34	56	55
5	29	30	34	36	50	37
3	8	31	32	52	54	48
3	14	16	21	32	54	13
4	19	36	39	40	53	52
4	15	16	21	35	56	45
9	19	22	24	30	34	52
37	38	42	48	49	50	26
8	14	32	40	43	45	15
13	14	19	27	35	54	25
1	22	30	36	45	52	49
5	11	28	35	38	42	30
5	12	21	27	43	49	11
11	16	28	38	39	53	18
16	26	27	30	41	54	21
2	8	11	18	25	56	17
9	17	29	52	54	56	49
17	21	27	42	50	52	16
11	12	23	25	41	44	4
8	15	17	35	39	45	13
12	23	39	45	54	56	7
1	8	19	35	37	43	31
17	18	24	34	41	50	37
9	17	43	46	48	53	12
5	21	23	41	43	56	33
13	19	24	39	40	46	21
12	15	16	18	39	47	36
11	19	24	26	33	56	50
5	6	10	15	28	52	39
3	11	14	18	38	47	52
3	6	12	21	43	51	24
3	6	9	16	25	42	29
15	22	35	44	50	53	3
6	7	31	33	42	52	21
10	12	20	29	46	47	27
9	19	39	46	49	56	7
14	28	40	42	43	45	23
13	14	17	35	39	54	45
15	23	43	44	50	55	4
11	12	18	29	33	50	53
6	13	16	40	41	53	45
10	11	23	28	32	34	21
19	21	26	50	55	56	17
6	21	23	25	28	48	22
1	6	31	32	43	47	39
2	5	15	34	45	46	30
13	20	21	24	32	50	35
2	29	31	36	44	50	54
15	16	19	25	50	54	29
9	11	14	20	24	44	30
12	13	15	34	36	47	28
12	28	32	40	45	52	46
5	23	24	33	48	50	1
5	10	11	17	39	48	35
3	17	21	36	37	40	53
11	20	27	50	54	55	24
2	8	27	32	38	49	9
15	18	21	29	33	41	43
11	13	31	32	33	40	5
10	21	25	29	43	52	30
1	3	4	9	20	55	53
3	4	36	43	50	51	13
8	11	23	25	28	29	37
31	32	33	36	39	44	56
6	24	31	37	39	54	42
15	18	23	26	32	34	3
9	13	21	50	51	53	26
9	13	39	44	48	52	23
8	16	20	28	33	36	46
17	19	33	38	54	55	6
2	11	24	42	51	54	16
10	15	17	31	45	51	9
7	16	17	39	46	56	9
1	10	20	25	44	46	52
11	33	37	38	41	46	7
7	12	25	35	44	45	43
7	34	37	41	44	56	52
11	15	29	39	40	50	41
1	4	15	24	34	52	38
3	12	18	24	43	50	30
13	15	23	42	49	51	5
2	9	13	16	27	38	37
12	29	41	49	52	55	46
1	10	20	37	53	56	22
4	29	30	41	43	49	47
1	3	5	26	37	52	15
31	35	39	41	50	51	26
4	15	22	28	40	48	16
25	28	29	43	47	49	52
20	25	29	34	44	54	18
6	10	17	21	30	39	16
2	18	23	24	32	54	40
2	8	24	29	41	46	26
10	28	32	35	44	48	14
4	5	14	23	26	47	2
1	16	30	31	34	43	18
4	6	22	39	46	53	41
1	11	26	31	52	55	50
9	19	26	41	51	52	8
8	27	31	37	43	45	24
11	19	34	36	43	56	53
6	16	30	36	43	56	45
4	31	33	34	50	54	23
18	20	29	44	46	52	37
6	12	29	37	51	53	48
3	5	9	42	44	48	26
9	12	28	47	51	53	40
21	24	32	36	41	49	3
11	18	33	41	53	54	6
14	16	24	30	33	39	48
5	7	8	17	21	23	22
7	22	43	45	47	55	33
8	14	20	25	34	46	42
3	20	32	35	42	52	1
3	6	20	23	34	46	42
2	10	25	32	41	52	45
1	19	33	47	50	54	27
15	17	19	22	35	37	28
1	10	17	20	34	45	19
6	7	11	29	33	39	51
13	15	24	45	47	55	28
5	7	18	24	49	52	26
1	2	22	23	28	52	37
3	7	13	47	53	55	51
5	20	23	26	32	46	34
3	6	9	36	47	55	34
4	5	11	15	25	47	37
5	24	28	34	36	43	53
16	21	32	34	38	46	36
5	31	32	34	41	45	40
10	27	32	38	45	56	13
22	34	37	39	40	48	46
5	6	14	23	40	45	10
11	13	34	36	39	51	8
3	18	22	27	29	46	42
3	8	18	24	36	54	2
1	6	15	26	45	54	27
9	13	17	30	32	35	26
9	12	16	25	30	45	49
21	25	27	31	38	44	34
5	16	18	26	35	41	20
7	9	10	13	19	21	46
6	11	23	34	35	54	25
11	20	22	37	41	47	29
3	10	34	38	39	43	28
2	3	17	23	30	44	49
7	11	14	33	40	46	51
7	13	17	22	23	47	40
3	6	8	15	42	45	49
11	20	36	43	44	52	39
5	13	17	19	28	53	46
1	7	10	18	25	28	16
17	19	25	27	53	54	23
2	10	15	38	50	52	53
3	12	17	31	46	51	13
4	8	11	16	28	40	50
1	3	4	8	12	30	27
3	9	25	30	38	40	2
8	13	14	38	43	56	9
14	19	21	24	31	49	50
6	11	12	41	50	52	47
4	13	21	25	47	53	16
16	22	35	36	39	50	6
8	11	25	30	36	37	14
9	21	27	34	49	52	4
2	4	10	12	21	28	29
3	9	32	33	40	56	8
6	10	31	35	36	45	41
22	28	33	35	50	51	13
2	14	19	39	43	45	52
10	16	23	52	54	56	36
1	7	13	14	19	20	49
16	19	29	34	40	45	28
1	7	9	18	32	55	12
1	2	32	33	45	56	42
25	33	46	49	51	54	34
3	7	29	30	39	51	23
1	18	19	20	34	53	15
10	21	31	39	40	42	26
12	21	24	34	37	55	50
22	23	24	29	36	40	20
6	11	41	48	50	52	25
20	23	31	40	43	54	46
7	12	35	40	41	50	34
16	27	29	34	50	56	33
24	29	34	36	37	46	55
9	16	22	43	49	53	51
15	16	26	33	41	56	32
19	23	28	34	40	52	26
17	20	22	25	43	55	7
11	12	17	31	40	55	56
2	9	31	40	42	50	4
7	9	13	31	51	54	27
5	17	33	36	38	43	44
1	12	27	48	49	56	7
1	2	29	35	43	47	3
8	10	13	22	26	30	49
3	14	16	23	40	45	47
13	15	37	39	50	52	34
19	35	36	38	43	53	55
25	39	43	44	45	53	26
15	21	38	40	46	50	5
24	28	29	44	51	53	39
1	9	15	34	44	52	5
2	7	12	19	29	40	45
18	27	35	41	45	49	47
8	21	33	41	48	51	30
7	21	26	37	48	52	30
11	15	20	36	39	45	27
22	27	33	37	43	52	54
13	30	31	33	46	50	26
11	16	19	22	26	32	1
4	14	19	30	44	50	15
6	9	11	21	32	56	26
5	14	15	47	48	54	12
9	11	17	30	34	45	36
5	8	16	20	44	45	34
7	8	29	37	43	50	42
7	28	31	33	36	42	24
7	13	22	29	33	51	19
20	36	45	46	47	56	9
2	9	10	24	38	53	33
3	21	42	51	54	56	22
7	11	47	53	55	56	40
7	10	43	48	51	56	32
1	3	14	21	37	54	29
2	10	34	42	53	54	28
14	16	18	20	38	54	2
6	18	23	32	52	56	45
13	18	21	22	27	54	49
9	14	18	33	42	48	38
1	9	23	25	26	35	29
25	27	34	35	47	48	26
7	9	10	19	28	36	34
16	19	28	44	45	54	40
4	7	16	32	42	55	28
1	17	32	46	47	54	18
5	25	26	40	44	54	18
18	22	25	36	37	50	49
2	18	30	33	34	50	48
10	26	30	42	45	49	47
14	17	23	25	47	51	6
5	16	21	28	41	52	42
3	4	26	27	32	38	28
6	8	23	24	28	31	34
9	12	19	24	48	56	27
19	36	38	41	48	53	54
2	26	51	52	53	56	7
21	34	40	44	48	52	16
4	23	26	34	49	54	13
1	23	32	34	39	52	8
7	15	23	34	37	45	43
4	10	31	39	51	52	8
6	10	13	25	29	45	3
9	17	18	25	28	47	6
11	19	27	28	32	54	45
7	22	31	35	51	55	10
1	15	17	25	32	37	29
10	14	19	32	34	48	24
24	34	35	36	45	54	25
2	10	13	16	18	38	4
4	16	37	38	44	46	52
2	8	12	23	30	55	33
4	5	10	19	29	37	22
19	28	32	47	52	55	40
7	25	33	35	47	49	13
11	17	20	21	28	55	45
27	32	34	35	48	55	36
19	27	28	29	32	50	56
21	22	38	42	43	47	10
7	23	25	27	31	32	5
13	19	25	33	40	46	36
5	8	12	16	25	51	36
4	6	10	17	20	29	7
9	12	13	14	15	53	6
1	11	17	19	23	31	48
16	21	24	36	47	53	42
2	29	30	36	39	44	12
3	28	38	43	46	54	9
2	17	30	33	42	55	39
12	15	25	39	43	51	18
6	8	26	32	37	42	50
1	5	6	10	13	44	52
3	22	23	42	48	50	20
8	16	32	40	46	55	52
14	17	26	38	39	50	27
4	16	29	36	47	54	1
3	10	14	23	47	51	25
10	17	22	39	46	49	7
4	5	11	40	52	54	43
18	20	37	40	54	56	44
4	6	19	21	43	54	16
2	6	24	34	43	45	26
26	29	41	48	49	50	33
2	3	19	38	40	47	39
1	5	11	21	27	46	26
12	25	31	35	44	46	48
4	12	15	30	40	45	2
7	12	20	21	28	31	42
21	33	34	42	48	51	17
8	25	27	29	31	43	56
2	3	37	40	42	52	16
2	5	6	19	42	47	34
13	16	17	19	49	50	47
9	13	36	47	48	54	14
14	18	22	30	37	49	28
1	7	24	34	40	46	38
1	5	14	22	35	55	40
17	18	23	38	42	46	36
6	8	28	36	38	42	25
5	11	12	26	31	46	56
2	8	23	45	46	54	18
6	9	20	32	36	38	45
2	18	19	20	26	55	33
4	20	27	32	51	56	38
2	19	20	26	32	56	46
15	21	28	53	54	56	30
15	17	19	25	55	56	11
13	20	41	43	44	52	14
5	11	29	30	33	53	32
4	20	33	35	43	53	45
1	3	18	26	35	38	37
12	16	20	35	38	56	30
2	12	23	42	52	53	19
1	19	24	26	49	56	22
3	23	28	32	40	49	14
6	10	38	42	47	51	1
2	22	23	40	45	47	25
5	8	10	35	36	49	14
37	42	48	50	51	52	46
3	4	10	24	48	54	2
2	6	24	31	51	52	27
2	9	12	13	23	33	5
13	14	18	29	49	53	44
6	18	20	37	39	51	17
16	32	36	37	41	56	5
10	13	16	23	36	50	14
7	17	24	31	41	46	18
8	25	29	40	44	55	46
10	20	23	25	26	55	29
8	10	11	12	26	39	45
8	15	19	29	45	49	17
4	6	11	19	27	40	24
11	12	20	36	48	56	6
27	30	33	34	42	44	50
1	6	25	43	51	54	48
1	11	13	40	52	55	7
1	10	45	48	52	55	28
18	28	34	36	40	52	21
4	5	20	30	44	55	21
19	24	30	37	41	46	33
2	3	11	21	41	46	37
16	21	24	29	47	52	9
18	28	37	40	44	56	38
1	8	30	37	42	54	4
6	9	13	21	35	39	10
5	19	26	42	51	54	8
12	20	22	25	46	48	50
10	13	33	43	52	56	12
21	29	30	36	40	48	56
1	9	31	36	48	55	49
18	29	30	41	53	54	24
15	16	40	42	50	51	1
3	9	21	23	24	25	36
42	43	45	49	51	56	6
14	19	27	33	40	45	54
10	15	16	20	33	47	37
9	12	23	33	46	54	17
9	21	24	28	34	56	11
9	15	18	25	42	52	2
2	13	25	26	33	35	32
10	25	33	34	43	50	47
2	9	21	27	40	43	44
12	20	27	31	42	50	29
6	7	14	22	44	45	38
35	38	43	45	49	54	46
2	7	35	40	45	55	12
6	25	28	34	39	52	7
2	8	14	22	48	52	26
16	19	31	35	38	45	9
2	19	20	21	33	45	30
8	11	30	37	49	56	51
10	13	31	47	50	55	40
28	32	35	37	46	56	6
2	10	13	29	35	48	8
3	18	28	44	51	53	25
11	16	19	25	28	50	6
4	11	23	28	29	48	6
4	8	18	25	32	38	55
2	5	18	22	25	40	1
8	17	19	26	33	37	41
5	12	25	29	34	48	42
1	5	15	26	40	46	14
4	24	28	46	50	56	16
21	27	44	47	52	54	16
2	9	18	21	29	53	7
7	15	38	39	42	52	9
29	31	38	39	46	54	48
16	32	37	39	48	55	17
5	15	16	21	47	48	23
3	15	32	38	40	53	24
22	24	27	28	29	47	51
27	34	40	45	52	54	3
7	18	19	31	35	54	46
10	11	18	33	43	48	40
21	24	30	31	43	45	10
18	19	25	30	33	35	43
10	18	39	44	45	55	40
7	13	19	33	44	48	53
24	30	33	41	43	44	28
3	12	22	33	39	49	40
4	12	29	43	46	53	9
5	10	14	15	36	56	53
10	16	21	26	39	51	56
2	16	24	25	30	45	51
4	21	24	36	41	47	9
11	23	43	47	48	54	49
10	15	17	18	35	50	30
15	24	25	29	46	54	21
9	14	30	32	45	56	12
2	15	25	30	39	50	31
6	15	17	29	31	56	51
5	8	15	43	44	52	56
2	14	21	28	38	39	42
9	16	19	24	32	53	47
7	13	17	24	32	56	12
8	21	22	31	33	56	19
3	4	7	30	45	55	42
1	9	29	32	45	47	17
12	28	30	38	39	44	37
5	6	14	15	35	48	55
6	7	15	17	51	52	40
4	21	23	33	52	55	29
2	3	4	5	25	40	43
2	21	23	31	36	52	34
24	29	31	35	46	55	19
22	26	41	42	44	54	34
5	30	36	37	44	51	29
3	4	15	19	22	38	42
2	8	9	15	31	36	10
3	12	14	29	32	44	53
1	4	15	20	21	54	49
37	40	45	50	51	54	23
15	21	28	47	49	55	31
1	6	19	31	49	54	55
24	31	38	40	52	53	34
21	27	34	44	55	56	53
17	25	35	39	42	54	36
11	17	22	34	36	46	3
11	26	32	42	43	56	29
1	12	13	16	45	48	5
1	2	12	17	21	27	48
5	6	8	38	50	51	44
13	16	23	26	34	37	25
3	5	19	20	27	54	1
10	13	16	23	26	50	43
6	27	31	42	45	52	9
10	24	27	38	40	48	54
18	24	47	48	50	56	8
5	14	19	33	46	49	22
13	18	20	29	40	56	23
31	45	46	50	51	52	54
7	11	14	45	47	54	12
3	4	18	31	41	43	9
14	35	42	43	49	50	31
5	21	37	40	46	56	31
14	17	18	39	43	53	1
12	30	42	43	49	53	45
1	9	12	16	24	47	46
2	6	20	30	33	37	49
3	6	18	32	46	54	25
4	11	29	38	40	46	2
9	14	18	28	40	45	50
3	26	35	38	50	55	20
11	20	29	32	37	40	56
2	3	4	21	25	39	32
1	12	19	21	40	44	17
4	13	21	40	46	47	48
1	7	33	35	48	52	44
9	27	36	38	41	52	23
4	12	16	18	46	52	31
17	22	48	49	50	53	37
3	10	12	18	33	46	31
7	12	29	34	35	39	1
3	12	16	25	32	35	22
3	6	12	30	48	55	24
8	17	20	28	29	55	3
4	8	24	37	43	51	5
4	7	21	25	48	49	1
3	4	7	30	45	52	6
5	13	23	33	44	56	53
1	15	17	25	37	45	9
5	15	28	37	46	49	8
4	27	41	45	48	54	51
3	15	20	36	40	56	35
7	20	23	24	27	42	16
5	16	25	27	35	45	42
2	8	9	25	46	52	53
2	13	18	20	21	52	46
13	18	30	33	36	51	37
10	18	25	33	38	49	1
4	8	24	25	26	37	27
9	10	15	41	46	49	43
16	19	30	38	40	49	6
12	13	16	26	30	49	45
2	22	28	32	33	51	9
1	3	5	24	42	46	26
15	22	27	28	30	31	50
8	16	17	26	31	37	12
3	16	20	28	40	55	54
13	14	23	35	37	40	28
23	25	29	33	46	49	40
5	13	19	29	30	56	21
1	11	20	27	39	41	45
2	16	30	35	51	53	17
11	12	17	32	36	54	51
1	15	26	30	49	52	10
19	22	41	48	51	55	39
12	16	30	32	37	49	5
6	9	27	32	37	44	17
1	5	10	17	34	40	9
1	17	20	29	35	51	49
3	16	28	30	40	54	32
2	4	16	38	50	52	54
3	6	23	25	34	35	15
1	4	11	17	44	52	42
4	10	12	22	32	51	29
16	24	32	36	51	52	19
14	33	42	45	51	55	50
2	20	31	35	48	53	18
1	10	11	33	37	47	16
3	26	27	38	44	56	50
7	8	23	34	47	52	37
3	4	17	19	21	49	1
7	23	25	29	33	50	28
21	25	27	36	47	54	34
11	12	18	40	53	56	43
5	7	29	36	38	41	46
9	14	22	35	37	47	46
24	29	42	44	52	53	10
10	28	33	37	46	52	23
2	11	16	24	31	37	21
6	15	20	24	37	51	16
4	8	10	18	46	56	29
7	18	23	31	35	36	32
4	10	40	42	45	46	30
5	6	14	15	31	46	32
24	25	26	32	39	47	19
3	7	17	38	39	50	51
3	31	39	43	44	50	19
22	33	40	41	42	48	23
8	34	43	49	54	55	27
9	18	28	29	41	50	32
8	11	22	23	38	41	49
11	17	19	24	43	49	15
17	22	24	31	43	50	12
4	5	25	35	48	53	22
6	8	29	47	48	50	22
4	25	31	44	49	56	21
3	10	19	34	44	54	2
8	9	11	20	22	40	48
3	6	25	45	46	48	43
3	6	11	24	31	51	47
1	2	13	27	29	34	42
6	17	27	32	34	40	20
1	10	12	32	36	48	20
24	27	40	41	54	55	26
3	6	14	28	30	39	31
5	12	22	41	44	47	26
1	15	26	40	45	46	28
4	15	18	30	38	49	53
1	5	17	25	35	55	43
9	14	35	46	49	55	11
8	17	20	38	54	56	2
8	17	19	36	37	41	55
11	21	33	43	54	55	38
12	22	36	43	46	52	35
9	13	29	33	39	51	37
6	16	21	32	43	56	9
2	5	18	30	44	53	33
12	31	37	44	52	55	25
7	21	33	35	43	55	51
3	6	22	38	40	56	12
17	19	22	23	36	38	49
9	17	22	26	49	56	1
2	8	16	23	42	48	15
28	30	32	34	42	43	46
2	29	30	36	44	51	32
6	30	34	46	50	52	32
20	32	33	34	50	56	4
10	17	20	31	50	51	3
8	9	14	28	33	56	12
11	12	17	29	30	34	38
1	13	21	22	33	45	19
3	10	14	28	48	56	27
8	12	19	21	22	43	49
11	22	25	29	37	55	41
19	26	37	50	53	54	48
8	15	35	37	41	48	26
13	14	16	28	50	51	21
8	14	20	42	43	55	44
4	5	16	29	39	55	21
2	17	39	48	53	56	15
8	20	26	27	42	44	11
7	8	20	37	39	45	48
6	12	40	43	51	56	26
8	13	18	22	40	54	41
4	8	11	37	41	43	18
33	35	47	52	53	56	3
7	17	40	48	53	56	35
3	6	40	41	47	48	49
3	5	19	24	28	30	15
4	15	16	30	44	50	43
2	13	21	35	41	49	47
3	29	30	38	42	50	44
18	24	31	39	47	51	2
1	3	16	19	20	28	23
10	14	16	17	27	49	52
1	5	6	8	30	46	17
13	21	37	42	43	48	14
1	3	12	22	35	55	44
11	18	21	31	36	49	51
5	8	26	32	37	39	23
2	6	30	34	37	43	55
12	25	31	36	46	54	9
9	18	40	42	48	52	36
5	26	30	34	37	56	23
5	13	15	40	54	55	23
14	18	50	51	52	56	5
6	11	27	33	41	56	53
5	7	44	51	53	54	28
2	4	26	27	28	44	16
4	15	16	34	44	56	2
2	14	21	28	36	49	47
10	23	29	45	53	56	54
1	6	15	22	34	39	21
14	33	41	43	52	56	38
4	8	15	36	39	45	28
4	11	12	40	45	51	55
12	15	31	50	54	55	11
12	20	33	46	50	51	54
6	18	36	48	50	52	28
5	6	33	34	46	55	38
4	20	29	31	44	48	49
11	18	31	35	39	42	34
8	16	21	39	50	52	4
15	17	19	22	31	53	10
10	22	29	30	32	33	51
6	19	23	25	28	42	47
8	11	14	36	49	55	15
2	14	27	42	46	50	21
34	44	45	51	52	56	53
7	11	26	38	39	56	14
1	13	19	29	41	46	50
1	9	12	19	31	34	21
1	2	4	31	32	46	11
10	26	40	44	50	54	6
1	4	20	21	24	34	22
28	31	32	44	51	52	20
5	16	17	24	41	47	36
4	6	20	21	45	55	38
16	19	23	29	33	49	36
7	24	27	39	45	52	12
13	18	26	30	31	53	37
2	7	10	27	34	54	32
10	15	23	24	36	49	29
3	6	19	28	48	52	13
2	3	7	26	30	48	53
5	7	8	23	26	55	50
7	9	29	44	48	55	23
5	16	30	31	38	52	35
2	9	15	16	21	42	24
7	14	23	26	43	49	12
6	13	27	32	47	52	18
13	15	19	33	49	53	26
7	10	13	23	34	44	51
1	5	28	48	49	55	22
5	6	7	25	33	50	51
24	30	40	41	55	56	3
9	10	30	35	41	48	29
5	13	20	32	36	56	25
7	26	31	44	45	53	51
8	16	18	46	52	55	22
6	13	17	20	31	50	9
4	5	22	28	31	37	30
5	15	24	25	37	39	49
2	7	12	35	51	54	13
7	13	23	37	48	49	53
10	29	32	42	43	47	8
2	10	25	30	32	56	50
4	5	30	43	45	51	29
8	9	12	30	43	51	29
4	9	20	25	28	37	29
4	13	22	34	37	39	44
4	19	24	39	49	55	36
3	4	18	20	26	28	10
8	9	23	37	48	53	11
5	16	22	26	31	41	11
9	23	26	28	37	54	20
7	13	19	27	50	54	28
1	21	23	30	46	47	5
20	22	30	33	45	49	10
16	36	37	52	55	56	47
5	10	15	16	21	30	49
12	32	34	45	46	51	26
7	8	10	29	46	55	1
10	21	33	44	50	53	5
5	8	9	17	29	50	23
6	8	20	23	39	47	40
4	9	25	32	38	40	49
10	14	16	31	33	46	15
5	8	10	24	37	55	14
4	11	21	31	42	43	7
12	18	19	39	43	48	51
6	22	26	30	35	55	47
3	6	21	22	39	43	16
4	6	14	17	34	39	24
2	5	19	20	35	52	45
2	15	17	25	33	43	28
6	12	20	26	34	40	27
14	22	26	28	43	54	49
11	13	22	27	31	34	25
4	5	19	40	45	50	52
13	17	18	35	53	56	25
8	20	32	43	51	53	55
12	17	35	44	49	53	54
2	14	26	31	37	48	41
17	32	42	44	47	49	23
13	25	31	44	47	49	40
2	3	34	36	48	55	56
12	25	30	35	43	45	21
4	12	26	34	49	53	11
22	23	28	35	51	52	4
3	4	6	27	39	48	37
16	26	30	32	42	43	36
5	10	26	28	35	49	41
13	22	24	33	44	49	39
2	27	37	41	46	55	52
3	5	14	24	48	53	44
35	43	45	46	49	53	37
2	3	5	28	41	49	13
3	25	27	33	36	41	56
23	25	35	43	47	56	31
1	22	29	34	40	43	4
5	20	35	46	50	53	51
1	18	26	27	44	54	5
16	17	25	39	49	55	12
2	4	13	25	28	40	5
11	21	35	38	41	45	12
22	23	31	36	46	56	54
1	2	9	17	35	56	36
3	6	18	38	40	43	45
3	22	24	33	38	39	56
19	25	26	44	50	54	20
2	7	8	22	26	54	55
4	6	15	18	27	33	51
17	21	22	26	41	53	3
8	11	13	21	52	56	28
3	23	27	34	38	47	4
2	8	14	23	30	39	44
24	43	46	47	48	52	21
7	10	12	29	42	50	22
7	14	17	19	42	52	3
5	8	15	16	29	30	43
26	28	36	38	47	49	22
3	21	28	43	46	48	41
4	7	18	24	48	49	28
2	10	15	31	42	43	33
3	18	27	35	42	54	22
2	7	11	20	38	56	17
5	8	17	32	52	56	29
28	35	44	46	47	51	15
2	6	15	24	36	54	8
2	12	13	15	17	52	55
4	13	18	36	38	49	51
18	20	25	30	40	50	56
11	19	21	22	42	47	45
29	33	39	43	48	56	49
13	19	33	43	47	53	4
18	19	32	36	39	43	20
3	21	29	33	51	55	43
16	22	37	41	46	55	15
2	7	20	25	30	39	47
7	28	51	53	54	55	49
16	27	39	47	49	53	37
12	14	17	23	26	46	11
24	35	43	46	49	53	40
17	26	45	48	50	54	1
12	21	31	38	40	51	46
2	19	21	22	26	42	23
9	14	30	41	43	54	20
2	13	22	31	33	43	29
12	18	33	41	45	56	8
4	23	25	40	44	48	10
10	26	32	35	54	56	38
1	15	35	36	40	49	18
1	5	15	20	43	45	39
6	11	19	42	53	55	45
1	13	20	29	32	48	17
8	23	26	49	50	56	39
10	20	26	50	55	56	35
3	14	36	48	53	54	22
1	16	18	20	39	48	7
2	10	18	19	26	53	33
16	21	30	32	33	47	40
7	9	18	25	26	46	44
5	15	24	29	37	53	51
5	14	18	23	34	39	26
5	8	26	34	53	54	52
2	7	14	24	42	52	27
7	9	23	25	29	33	34
10	11	16	18	33	47	41
11	14	23	28	44	49	10
2	17	18	21	27	54	52
10	17	28	33	48	53	3
12	13	29	32	33	35	37
2	13	22	31	41	51	43
10	20	28	33	34	47	48
24	26	40	45	49	54	8
16	20	22	32	38	52	50
2	20	22	35	41	42	45
8	10	25	27	36	56	7
3	21	23	27	41	49	53
7	10	16	30	40	44	38
14	26	33	35	39	49	25
2	26	45	50	51	56	53
1	5	17	21	27	37	39
11	19	23	46	55	56	43
18	21	39	41	44	45	10
7	11	21	32	37	53	31
1	19	29	46	47	55	5
3	7	13	20	44	46	2
5	7	9	23	36	56	4
4	22	35	37	46	50	36
15	17	38	46	48	54	49
9	12	42	47	51	56	22
1	4	14	26	42	54	39
3	8	32	46	49	51	26
11	12	20	25	52	54	30
14	26	29	38	41	49	12
8	28	29	40	44	51	22
6	7	12	22	39	52	49
8	11	14	35	44	56	36
20	24	40	43	48	55	41
2	13	38	43	53	54	21
5	21	32	33	40	52	2
15	39	41	42	49	54	13
4	5	7	10	30	54	46
4	18	19	30	45	56	51
9	16	21	31	39	53	43
3	14	21	23	48	56	54
9	20	24	26	36	38	25
2	13	40	42	45	53	27
1	5	13	22	30	55	47
2	9	12	19	21	52	55
31	35	43	45	47	53	41
4	18	45	46	48	50	53
18	21	26	35	36	50	44
3	18	21	42	43	48	22
6	12	13	26	35	40	22
9	12	18	23	24	38	19
9	13	16	22	34	51	17
15	22	26	27	36	46	25
9	23	28	34	43	53	19
1	2	19	21	34	37	45
2	26	27	36	39	43	29
4	17	30	45	49	54	40
2	8	21	32	49	53	50
7	11	19	32	37	38	14
1	12	13	27	44	50	46
5	7	15	18	34	43	11
20	22	23	34	42	51	33
5	9	11	37	42	48	10
6	19	29	39	42	48	51
11	12	17	35	36	50	51
1	5	14	33	47	51	12
4	15	27	41	51	55	45
15	28	29	31	36	41	35
1	21	22	25	31	49	20
4	8	21	26	27	51	38
6	12	15	24	25	49	42
12	23	29	32	36	48	53
3	4	16	33	39	40	54
3	4	14	24	32	40	28
14	19	32	42	47	48	5
9	17	21	41	47	51	31
12	18	41	46	51	54	4
5	7	18	19	40	55	39
3	8	23	39	46	51	22
7	14	25	26	29	47	23
14	20	26	39	40	56	17
13	30	38	40	43	49	9
1	2	7	13	15	46	5
1	16	49	53	54	55	27
7	19	24	25	29	33	48
2	12	28	41	44	45	49
13	33	37	39	40	51	9
1	3	20	34	49	55	53
4	9	11	20	24	28	33
9	12	44	50	52	53	47
1	4	12	16	30	31	11
6	34	40	49	52	53	12
3	8	18	22	23	42	53
2	9	16	26	50	56	11
10	16	21	24	28	42	47
8	11	12	15	43	48	29
8	14	22	31	46	56	42
3	7	36	50	52	56	40
9	14	17	19	41	44	26
5	12	15	25	26	27	44
10	15	18	19	37	55	1
5	10	20	21	32	44	6
4	8	26	28	41	55	10
4	13	31	40	49	51	52
4	9	11	14	42	52	2
12	16	22	46	52	55	49
7	21	32	33	46	55	13
9	13	28	34	36	48	43
5	38	43	47	54	56	45
14	20	39	43	45	52	40
9	21	26	33	45	48	52
16	33	34	44	46	47	45
18	19	36	47	50	51	53
14	20	36	37	44	51	1
5	8	25	40	42	49	9
4	5	12	14	44	53	28
23	31	37	50	51	53	30
13	20	22	23	33	48	7
5	33	49	50	53	54	44
5	21	22	36	37	47	39
3	10	11	38	49	52	48
1	32	43	44	52	55	22
5	10	11	29	41	55	30
3	7	21	24	31	49	35
9	16	27	29	43	44	36
24	35	42	45	48	52	51
9	15	21	27	42	51	23
1	14	20	39	43	54	29
5	6	9	46	54	56	38
1	31	40	45	46	55	2
4	20	44	45	50	56	15
9	28	30	35	42	48	56
20	31	36	39	54	56	48
6	7	12	32	45	49	44
10	20	26	46	49	55	19
8	16	18	26	29	35	36
4	12	17	18	20	36	2
20	24	28	49	51	53	48
4	5	17	19	42	48	2
2	19	23	34	38	40	28
4	7	9	11	22	48	32
30	35	38	41	44	51	56
17	29	40	41	47	53	25
8	14	20	37	45	53	51
1	2	7	30	41	55	49
9	29	49	50	52	56	37
21	30	36	41	42	50	32
4	7	12	17	42	45	23
13	14	25	38	41	50	26
1	5	10	13	18	39	51
1	18	24	32	38	56	46
4	10	13	25	26	39	33
5	6	7	18	20	25	39
1	12	18	20	38	41	49
13	20	38	49	52	56	7
1	4	32	35	39	55	45
9	10	29	37	39	56	11
2	22	25	35	43	47	49
16	19	29	36	37	45	3
12	22	23	31	45	47	4
5	12	19	21	51	54	43
2	14	17	28	30	54	16
12	14	16	17	22	33	20
2	4	12	13	27	32	30
1	8	15	18	34	52	16
1	8	11	16	20	52	23
17	21	24	35	42	51	1
20	23	36	41	51	55	11
10	11	14	32	35	49	8
9	22	28	52	55	56	54
3	6	9	23	28	52	44
12	15	39	54	55	56	32
15	21	27	37	44	49	55
13	37	52	54	55	56	6
12	25	45	50	55	56	44
5	27	32	35	38	56	18
1	26	27	28	45	54	35
3	5	6	14	19	45	34
5	28	32	42	52	54	49
6	12	15	28	30	46	26
19	21	32	40	50	51	36
13	17	25	32	45	48	56
10	23	24	28	33	55	46
1	21	35	37	47	49	48
7	17	23	37	43	53	24
12	17	19	24	31	35	11
3	11	20	25	46	53	17
6	15	30	31	38	44	54
5	6	14	19	25	43	37
15	18	20	21	29	32	14
9	14	17	33	41	42	4
4	5	8	35	38	45	2
16	19	20	22	26	47	4
12	22	29	37	39	51	20
3	10	16	41	50	54	27
8	11	26	38	44	45	32
11	16	20	25	41	47	28
1	21	27	28	32	55	26
11	25	30	44	48	49	50
6	7	15	22	45	54	24
6	20	25	39	44	56	40
5	17	23	30	41	47	54
13	20	35	40	41	43	56
2	6	15	16	28	29	31
6	17	19	21	25	40	28
10	12	24	29	31	36	56
13	39	44	45	46	52	32
10	16	21	23	44	49	39
1	5	12	16	20	39	32
2	4	13	41	46	55	30
14	20	24	28	30	34	3
3	23	25	32	35	45	37
2	4	14	15	45	47	34
8	14	20	24	35	36	56
8	12	32	33	42	48	54
4	12	29	38	45	46	5
6	11	22	40	46	50	20
2	16	36	52	53	55	28
3	21	23	24	30	55	44
22	25	37	40	41	45	51
8	16	29	41	45	55	44
15	18	27	42	50	51	41
1	10	14	27	44	56	49
3	18	32	44	45	48	9
6	7	18	34	42	52	43
15	31	40	53	55	56	37
22	26	38	52	55	56	53
2	19	27	34	42	56	51
3	17	34	42	50	56	18
11	13	22	39	54	55	49
10	11	33	35	38	46	9
7	10	15	33	42	55	5
11	20	28	36	52	56	55
3	15	19	26	30	43	41
1	23	27	35	47	49	34
12	19	23	31	43	52	44
5	10	30	35	36	38	52
3	5	10	12	18	33	36
8	9	20	38	42	53	50
6	16	50	52	54	56	20
2	4	23	36	52	55	26
3	28	29	33	49	51	47
18	22	27	34	49	56	39
6	12	17	30	36	39	24
19	25	36	37	41	50	47
5	6	8	25	26	36	46
1	3	25	26	42	53	18
16	19	21	33	40	44	36
5	7	47	48	49	54	52
2	19	26	41	42	51	5
2	27	36	47	50	56	11
16	24	37	39	40	42	34
4	15	29	39	42	44	9
4	13	20	22	29	48	45
9	19	22	38	41	48	2
21	22	27	38	49	56	34
3	4	13	14	23	27	30
9	19	20	26	39	47	12
8	20	23	36	40	52	28
1	11	21	28	44	48	27
1	16	22	48	54	56	25
11	12	17	47	54	55	2
5	7	16	39	47	55	33
2	26	27	47	52	56	11
5	17	24	28	29	32	31
16	26	27	32	45	46	40
7	14	24	34	44	51	38
12	22	24	34	49	56	52
2	7	27	29	30	50	23
6	9	27	43	44	55	28
23	29	32	40	47	52	17
2	8	17	19	33	35	34
3	6	20	26	34	56	16
5	7	13	30	41	52	27
6	11	17	24	39	46	40
9	15	36	49	51	55	45
14	16	22	23	41	54	44
9	16	25	36	49	56	45
19	22	35	39	46	53	54
12	22	28	34	35	44	8
13	24	26	36	47	48	15
7	15	41	45	48	55	33
16	32	33	36	37	38	19
1	9	11	23	32	51	38
5	15	16	23	39	52	33
3	8	24	25	37	43	14
1	10	11	20	40	51	34
5	12	27	34	39	44	16
8	12	33	38	40	44	19
5	8	14	17	30	47	54
17	24	31	34	38	40	8
2	3	11	20	35	53	25
7	10	19	30	34	56	54
2	12	21	28	33	54	43
13	24	29	32	37	39	28
5	10	22	25	42	50	29
3	15	34	43	48	54	6
3	7	8	12	45	48	34
14	26	36	42	46	51	28
9	15	19	33	43	51	45
4	12	34	43	49	53	18
3	14	19	26	30	40	51
14	15	30	43	50	56	28
11	16	44	45	54	55	6
4	10	12	14	36	53	7
11	19	29	39	43	45	21
1	5	8	16	21	54	53
7	8	9	14	21	37	11
1	6	23	27	42	54	14
6	10	17	21	45	54	42
7	15	28	34	39	48	18
18	27	40	42	53	54	39
14	24	27	28	38	54	23
8	13	27	41	52	55	33
10	25	27	29	43	56	4
4	14	25	34	36	55	49
3	10	21	25	31	48	26
15	16	18	28	48	51	21
4	7	18	31	47	52	42
5	9	14	34	47	53	54
15	20	29	42	47	52	51
3	5	23	38	55	56	28
4	16	36	40	41	43	17
2	9	11	32	40	49	13
21	27	31	48	49	55	35
35	44	45	50	55	56	30
23	30	33	41	43	56	4
21	23	37	47	51	56	32
17	31	33	52	54	55	15
13	31	37	40	43	51	30
3	17	24	25	34	39	18
1	8	30	45	48	52	11
6	12	33	43	48	53	47
6	16	22	42	44	46	26
7	10	15	36	42	53	32
11	15	30	41	45	50	6
18	21	32	34	48	53	45
8	17	21	25	35	39	28
19	21	48	50	51	56	35
16	17	20	22	24	44	15
6	10	21	28	37	55	29
1	8	14	31	32	38	35
3	11	17	33	42	55	48
10	12	18	42	43	48	53
2	12	23	33	46	55	42
10	13	22	42	43	49	9
2	16	30	33	47	48	19
5	12	13	37	47	56	19
6	10	12	29	38	50	30
13	14	16	23	25	49	47
2	13	14	19	42	51	47
3	9	11	30	41	47	22
9	17	21	35	43	52	49
5	38	39	42	50	53	9
13	16	18	43	46	49	14
9	13	26	35	42	53	40
17	18	25	27	38	48	26
15	16	17	21	31	39	44
5	13	25	26	41	46	18
3	11	18	34	42	43	52
2	27	29	33	44	48	51
4	9	19	20	36	52	13
3	6	13	32	35	54	53
13	20	28	40	48	50	3
12	24	28	30	44	46	40
8	11	12	21	37	39	6
25	35	46	49	50	56	28
1	9	11	27	43	55	5
3	14	15	19	47	48	13
9	13	19	25	40	51	26
9	13	36	37	51	55	4
16	26	44	46	52	56	45
10	19	26	45	50	51	21
29	33	34	41	52	54	48
5	16	25	35	42	47	19
7	20	21	35	45	47	24
6	19	21	25	30	47	16
2	23	43	46	49	52	40
1	5	8	28	40	50	54
9	21	22	24	37	38	10
9	15	16	39	41	48	26
13	16	20	25	28	38	48
4	19	23	24	30	39	33
8	17	22	36	39	41	50
2	25	42	44	47	49	24
10	14	41	42	47	55	56
13	14	19	36	37	47	33
13	14	23	24	34	53	21
7	12	26	27	40	44	52
14	19	48	51	52	55	34
10	19	32	34	44	53	5
6	15	38	40	52	56	49
3	19	37	46	51	53	11
3	12	16	23	47	51	37
1	2	28	34	46	51	47
6	29	44	46	47	51	38
8	23	27	32	38	46	24
1	8	9	12	28	36	53
2	10	14	29	41	49	38
11	12	13	14	17	46	34
4	17	35	44	46	47	27
10	39	42	45	50	56	26
14	25	26	27	49	52	41
7	8	18	27	33	52	34
1	3	4	33	43	55	24
9	14	25	35	45	52	48
25	36	45	47	49	52	18
7	18	19	31	41	52	48
1	12	21	22	37	52	6
8	16	19	27	31	43	28
7	8	15	20	28	40	17
1	2	9	37	38	45	10
4	12	20	24	26	30	29
7	19	33	37	38	50	40
1	13	18	37	39	55	11
7	15	19	26	46	49	48
15	16	27	28	36	52	2
12	14	26	27	30	49	32
2	6	29	38	47	54	48
2	4	13	17	26	29	44
5	7	25	34	41	46	39
5	8	18	30	32	33	7
4	12	16	18	19	55	50
3	15	17	23	38	49	44
8	19	24	30	33	47	28
4	8	9	10	34	41	53
14	16	25	29	51	54	45
1	6	20	21	26	41	38
15	17	31	40	45	49	46
11	16	34	38	48	50	27
10	15	23	33	44	53	51
24	29	31	42	43	55	51
10	36	46	47	51	53	3
6	10	14	22	32	54	43
1	4	21	33	39	53	44
1	3	18	21	25	29	36
6	11	14	24	32	44	21
4	36	38	43	45	55	52
8	15	28	30	31	45	38
2	8	14	16	19	22	43
8	14	37	39	41	49	26
5	8	11	12	48	56	10
4	17	34	47	48	51	31
4	7	15	19	43	52	40
14	19	21	30	46	52	24
5	14	20	29	34	54	55
3	5	22	34	40	47	16
10	13	16	27	29	32	24
11	19	25	44	50	53	32
3	4	12	13	19	28	10
7	29	33	37	52	55	10
26	29	34	35	39	50	32
12	21	31	35	46	55	5
3	23	26	41	47	50	48
10	11	12	29	47	50	54
15	16	25	29	47	52	53
3	27	33	34	36	42	22
16	19	22	24	29	51	38
3	8	12	17	23	32	56
2	13	27	33	35	36	19
8	12	15	17	43	50	52
9	13	24	32	39	55	37
5	20	22	25	42	56	15
9	13	17	25	37	43	1
5	19	23	27	36	51	39
10	13	25	35	37	41	42
12	18	45	49	50	53	9
24	35	37	47	54	55	30
2	6	13	35	43	52	16
12	21	22	26	41	50	40
30	32	33	40	41	52	3
9	17	28	36	45	51	43
23	27	29	32	37	48	13
7	9	10	38	41	56	37
3	23	25	26	33	34	4
5	15	21	28	43	50	40
7	17	32	33	34	51	38
8	18	24	31	39	43	37
6	10	12	35	39	53	55
2	9	13	37	46	52	26
22	26	43	49	53	55	48
5	6	19	38	42	44	29
1	3	27	37	44	52	14
24	28	35	40	42	50	25
9	13	34	46	54	56	35
4	6	13	20	21	47	53
2	3	32	40	43	47	11
19	27	29	35	37	44	24
11	28	29	31	49	54	19
8	16	24	42	46	50	28
6	27	37	41	50	53	18
9	37	38	42	50	56	6
1	5	10	13	31	54	46
10	19	20	23	31	44	38
15	17	38	41	46	54	21
4	9	27	31	33	40	45
9	10	24	32	35	55	34
7	8	26	27	53	56	20
17	18	19	24	37	53	50
10	17	21	50	54	56	37
6	24	31	36	43	51	21
2	13	19	37	38	47	20
1	4	19	25	32	50	44
15	18	31	34	41	47	36
16	32	33	36	43	45	5
5	10	13	26	29	41	24
7	14	15	35	39	51	2
35	36	39	41	42	50	11
3	7	28	29	43	51	23
1	6	11	13	18	43	50
4	13	28	42	46	49	8
13	15	27	32	36	46	11
8	17	29	37	45	46	16
21	22	31	36	37	43	19
16	18	24	32	33	42	43
3	11	12	18	29	39	31
12	16	19	24	32	50	13
22	23	24	34	38	46	27
1	2	3	6	32	39	7
2	3	28	32	36	42	14
15	28	39	40	43	46	49
10	11	14	17	22	51	47
1	3	8	11	22	40	33
5	11	17	23	30	36	29
26	28	29	32	45	49	48
4	6	19	20	30	37	14
4	19	25	39	42	46	45
12	16	21	31	39	45	30
3	8	17	27	33	36	32
16	21	27	29	36	49	6
2	22	29	33	34	36	39
3	5	12	33	37	45	41
11	17	24	38	46	50	36
2	11	22	28	41	48	12
7	8	29	42	47	48	3
5	9	13	28	34	39	18
1	4	7	29	31	49	30
5	10	18	30	32	47	40
14	16	21	31	42	46	36
15	22	24	32	33	44	40
1	14	29	42	44	45	28
3	13	16	17	47	50	11
6	7	24	32	39	47	3
4	13	19	26	31	37	39
1	10	13	22	34	44	21
1	7	19	27	36	45	15
2	3	16	27	29	39	32
9	20	33	39	41	48	37
5	6	13	18	27	48	12
1	2	8	17	29	48	11
4	7	32	35	36	43	24
6	8	26	37	39	46	16
4	5	11	26	27	48	30
11	23	26	35	39	41	15
13	20	22	28	37	38	33
1	32	36	38	45	47	17
7	19	26	29	32	49	43
3	6	23	32	50	51	39
2	18	28	35	39	45	50
4	6	31	32	47	51	41
23	33	36	38	47	51	3
8	11	18	25	31	51	32
19	20	22	28	48	49	47
6	14	15	21	29	46	18
7	8	19	20	36	40	22
2	30	38	39	40	49	47
6	11	19	27	30	43	13
11	15	34	38	40	44	10
4	7	14	25	27	33	24
2	16	20	25	33	50	44
7	24	26	38	41	47	21
20	22	32	45	46	48	36
7	19	20	36	38	41	48
1	9	24	25	34	49	40
13	15	18	25	35	45	20
11	14	27	42	48	49	9
11	15	31	39	44	46	29
1	3	4	8	35	47	22
1	11	17	43	48	51	26
2	5	42	45	46	48	9
16	18	30	31	38	44	29
6	20	28	30	40	41	42
11	12	32	38	41	44	26
3	7	19	20	26	43	37
6	8	10	17	20	31	42
3	4	8	13	45	49	1
10	19	44	46	49	50	18
3	11	35	39	44	51	34
4	5	11	19	44	50	3
5	6	29	42	47	50	20
2	4	5	22	25	46	16
7	8	9	18	30	43	24
4	14	20	22	31	51	21
1	6	15	18	19	30	41
11	12	19	38	40	46	5
5	12	14	32	33	45	9
9	17	25	29	38	47	30
9	19	21	22	47	48	44
3	23	40	41	49	50	4
2	6	18	32	33	36	9
2	4	15	29	49	51	16
1	6	7	34	35	50	39
1	11	28	35	40	48	47
8	16	17	18	30	50	4
8	13	25	28	44	45	4
16	18	34	41	48	49	10
4	10	12	24	37	48	18
8	25	29	31	47	48	41
12	13	15	24	32	51	41
11	12	19	34	45	47	40
5	6	11	33	49	51	41
12	14	22	39	41	45	40
6	16	20	28	29	48	47
3	26	28	34	38	42	27
9	16	19	29	31	35	32
2	4	8	32	39	40	27
13	31	40	43	46	47	32
15	21	31	33	35	39	22
3	8	11	18	28	35	44
10	11	13	45	47	49	5
13	27	31	36	41	50	28
1	7	27	41	45	49	14
4	16	35	40	43	50	45
1	3	17	31	38	42	36
1	7	24	28	39	47	41
2	7	16	32	44	49	39
1	10	18	32	33	40	16
4	13	31	35	37	47	21
28	30	32	33	40	46	34
19	24	32	36	48	51	49
8	13	18	30	44	50	6
2	4	13	20	22	51	33
7	8	17	23	38	47	51
1	6	8	20	24	44	45
4	5	21	22	29	49	46
12	18	22	29	30	38	2
11	16	19	22	25	47	41
24	26	35	42	47	51	8
12	30	34	41	49	50	31
9	11	22	28	35	47	44
4	11	13	33	34	47	10
16	18	20	34	41	50	8
14	19	20	21	41	45	3
31	32	35	36	39	41	47
17	31	32	39	41	47	29
6	17	23	25	38	40	45
4	5	14	17	28	45	2
1	7	12	18	23	46	33
5	15	22	23	43	49	10
2	12	19	20	23	50	13
7	13	17	32	42	49	6
3	12	13	47	48	50	5
16	17	18	35	39	49	20
1	4	8	10	15	50	16
10	18	21	31	41	48	14
2	19	29	36	38	49	9
10	21	27	42	43	48	19
8	13	36	38	42	44	43
16	20	33	39	43	44	3
6	8	26	28	48	50	36
25	26	29	36	45	51	46
7	9	22	30	32	43	46
9	15	18	23	37	41	7
3	6	11	21	35	36	4
1	8	17	19	20	31	28
12	16	19	33	42	43	13
4	8	9	17	28	48	31
15	17	23	32	38	39	36
4	16	23	30	44	51	2
6	19	26	28	37	41	10
2	7	14	35	41	50	45
11	21	22	25	28	35	26
16	25	34	39	47	50	43
10	11	20	32	45	50	40
3	7	27	31	32	42	51
14	23	30	37	40	46	8
7	16	18	24	28	39	44
23	24	28	30	35	50	10
13	20	21	23	35	46	30
4	8	18	20	40	45	16
10	18	30	38	41	44	22
5	7	17	34	45	49	44
4	19	32	43	44	47	6
15	26	31	38	46	48	25
1	23	34	44	45	47	18
5	18	21	29	31	51	1
5	15	33	34	39	40	25
12	19	25	39	47	49	11
14	18	19	29	44	48	8
1	8	10	15	19	21	45
7	22	32	39	41	50	42
1	3	4	11	30	31	48
14	21	33	41	49	50	7
3	10	15	18	22	40	17
1	6	13	21	44	50	12
14	22	28	30	39	44	3
1	7	19	34	39	47	48
13	17	27	44	49	51	30
4	9	24	39	41	49	11
4	9	14	32	43	48	5
5	6	11	30	37	50	12
9	12	26	28	42	50	7
1	14	19	29	36	42	41
3	5	12	30	42	44	22
15	16	20	25	30	48	23
1	3	4	25	29	41	45
13	17	23	31	41	48	11
15	31	32	34	46	50	12
9	11	15	19	24	46	26
8	14	19	28	32	40	35
15	23	27	32	35	48	13
6	7	13	14	29	43	22
7	11	20	28	41	46	30
2	6	12	16	28	36	4
6	19	27	36	40	44	29
1	5	22	24	35	45	11
4	12	15	26	27	40	11
4	11	14	17	33	39	28
19	23	31	40	46	47	26
10	15	17	36	39	41	2
1	6	33	37	38	45	25
4	8	23	41	43	46	29
12	13	22	35	38	40	25
5	10	16	33	37	42	23
25	30	31	42	43	47	21
3	8	12	16	36	44	31
17	25	29	33	36	46	11
3	4	22	37	38	40	23
13	15	20	22	34	42	35
8	14	18	25	29	36	21
2	3	12	38	42	44	7
5	10	14	36	41	43	38
7	13	15	21	28	34	6
15	16	17	25	41	42	19
1	16	26	31	37	45	7
1	3	4	15	36	39	31
9	11	12	19	22	44	24
8	11	15	17	29	43	28
11	23	30	35	40	42	15
2	4	19	30	35	46	16
5	15	21	30	43	46	6
1	22	25	30	38	42	36
5	12	13	15	34	36	21
5	15	30	37	41	47	7
1	3	7	13	22	29	25
6	12	13	25	30	41	28
11	17	19	24	29	39	41
13	18	20	22	39	43	15
3	5	20	31	38	43	8
6	12	24	26	45	47	2
3	14	20	29	32	41	12
4	12	26	32	36	47	19
1	10	15	37	38	47	32
4	14	15	23	28	36	10
1	7	18	20	29	31	6
3	17	19	30	36	39	43
10	12	15	23	24	36	25
3	6	10	34	39	47	1
3	18	25	26	27	42	4
5	7	9	10	14	25	29
1	9	25	33	37	42	44
7	9	12	18	37	41	29
13	24	29	30	32	38	10
3	6	10	17	37	41	24
3	14	21	25	35	37	27
6	17	20	21	22	44	34
1	4	20	27	30	39	41
4	12	20	27	29	43	45
6	11	31	35	37	41	18
1	2	5	8	19	27	33
14	22	23	25	28	31	13
12	15	22	30	37	40	28
1	17	23	27	31	41	28
20	23	25	31	40	45	16
2	4	16	32	38	42	6
19	20	22	26	39	45	9
13	19	20	32	34	37	38
2	11	28	36	42	45	4
4	18	28	30	32	34	44
8	11	16	33	40	45	41
1	3	6	9	12	16	35
3	14	20	26	33	47	10
18	19	25	32	33	36	7
19	32	35	39	44	45	12
10	13	20	28	32	38	35
13	16	19	31	46	47	20
5	18	21	24	29	46	7
3	11	18	28	36	42	20
5	8	11	21	25	44	33
6	14	33	38	41	42	13
2	18	27	40	45	46	43
3	21	22	29	37	45	25
24	25	27	34	36	43	31
4	17	24	27	28	47	20
3	18	21	24	27	39	29
13	21	25	32	41	47	40
10	15	20	21	33	46	16
17	25	31	35	40	46	45
1	10	12	17	43	45	40
4	10	14	32	34	38	11
18	25	26	27	32	35	38
10	13	26	27	39	43	25
1	7	9	32	37	45	10
9	22	26	39	42	45	17
2	19	21	24	25	46	32
10	15	21	24	26	46	19
6	8	12	42	44	47	24
2	10	15	23	36	42	31
3	5	11	32	38	45	40
14	19	24	28	32	40	9
3	17	20	28	30	39	5
7	26	28	34	35	42	5
1	5	7	20	44	47	46
12	31	32	38	44	45	11
1	15	20	24	28	33	31
26	27	30	37	41	44	18
5	15	17	19	28	47	38
17	22	30	37	38	44	40
2	12	13	14	24	36	43
4	13	23	38	40	47	11
4	8	22	24	30	47	29
6	14	19	21	34	43	13
8	16	23	33	41	43	6
6	8	14	26	31	42	32
6	24	25	28	30	40	37
1	2	9	13	43	46	26
13	18	23	27	29	32	33
9	22	24	25	33	42	29
1	5	27	30	32	37	20
2	9	13	19	23	37	42
3	16	31	37	38	47	43
3	6	12	22	35	37	40
5	28	31	34	41	42	19
2	12	15	39	41	47	17
1	5	18	40	46	47	22
7	20	21	25	31	41	24
7	11	27	30	43	45	42
4	19	29	39	41	42	6
8	10	13	14	21	29	16
7	9	13	16	18	40	26
1	3	9	13	14	30	17
11	12	22	35	39	40	45
3	19	24	25	37	40	28
6	17	30	31	38	41	18
8	9	15	19	28	45	47
4	27	32	39	44	47	12
6	9	10	30	39	44	8
6	9	22	36	42	46	3
13	18	28	31	43	47	6
8	11	19	28	30	47	43
14	15	17	19	29	39	41
4	11	17	18	20	36	8
6	16	30	32	34	35	14
5	17	21	25	37	43	1
2	3	14	19	41	45	25
2	14	18	21	29	45	15
10	21	27	33	38	39	30
11	12	16	25	26	43	15
16	20	24	28	32	44	13
4	5	21	26	28	34	12
8	15	17	21	30	31	46
3	5	12	24	30	42	31
5	20	24	33	34	45	13
23	30	33	36	40	43	25
7	10	15	27	28	31	14
6	9	14	23	34	39	37
14	21	24	37	45	47	11
7	8	18	30	33	39	43
16	19	20	21	22	44	11
7	9	13	14	23	35	6
11	19	24	32	40	44	46
1	11	14	21	23	35	9
10	20	28	34	36	44	37
3	14	21	30	40	41	43
2	14	18	20	22	34	38
4	8	16	20	44	47	26
3	8	16	22	36	43	29
5	15	16	26	30	34	1
9	13	19	32	34	47	20
1	12	14	17	19	47	24
21	34	36	39	41	43	12
7	9	31	36	45	46	35
2	8	18	19	33	46	10
7	16	27	31	34	35	43
2	5	9	11	14	21	29
9	12	19	28	30	42	35
10	16	23	32	33	39	19
6	9	23	28	30	35	12
5	6	7	25	32	40	16
10	17	30	34	36	40	4
12	21	22	26	37	47	8
3	7	30	36	38	45	37
2	4	18	25	37	43	36
8	29	32	36	37	39	12
2	4	14	29	40	42	11
5	9	12	31	34	44	36
22	27	32	40	43	46	9
5	16	25	26	27	29	12
13	15	17	18	27	40	26
8	10	14	29	35	46	38
12	16	21	24	38	46	13
6	18	21	28	31	32	33
14	19	24	29	36	40	17
5	15	17	24	28	31	19
5	15	16	17	25	42	9
4	25	26	32	41	45	23
3	5	23	26	35	36	2
5	36	37	39	40	47	15
5	9	24	28	37	45	19
5	7	8	9	14	27	6
14	17	22	29	31	47	19
3	8	26	33	38	45	37
16	23	24	25	32	37	1
6	7	20	38	41	47	29
7	12	25	36	45	46	15
5	8	10	25	27	39	45
4	11	12	18	36	47	27
4	9	12	17	19	36	33
5	11	18	25	28	47	13
1	2	11	15	17	31	46
4	14	16	22	29	33	10
7	17	33	41	43	44	9
1	5	8	12	24	43	31
23	29	42	44	45	47	9
2	19	24	31	36	42	4
6	9	38	40	42	43	36
4	16	22	28	31	36	15
3	16	35	42	43	44	34
1	4	10	11	42	44	6
10	33	34	36	42	46	11
24	30	31	34	42	45	21
3	7	8	16	30	44	25
5	13	19	27	42	47	24
1	12	19	32	35	40	22
7	8	9	23	43	47	19
6	16	31	36	41	46	9
1	5	17	18	20	47	36
2	3	9	19	22	41	16
18	23	36	39	40	47	17
3	18	30	36	43	47	33
11	13	14	29	43	44	18
4	19	24	25	40	44	20
3	11	29	41	42	44	35
11	17	18	20	37	45	38
3	4	8	27	31	33	25
7	19	24	28	29	41	32
4	28	32	39	40	45	13
7	9	16	33	43	45	38
1	8	24	40	45	47	19
1	9	21	35	44	45	37
5	6	17	30	34	41	33
13	16	26	32	41	43	4
4	8	14	24	34	47	6
5	7	8	24	34	42	36
1	9	22	36	38	43	39
5	8	16	27	31	33	19
16	17	21	31	41	46	30
11	12	17	20	33	45	3
13	17	23	35	39	46	31
13	17	27	34	37	46	29
8	9	21	24	37	38	16
11	13	26	30	32	42	29
8	10	12	26	28	39	6
11	17	22	28	42	46	44
10	14	18	20	22	27	29
3	7	13	18	22	34	11
23	25	32	34	38	44	16
4	10	27	32	37	41	42
6	8	24	41	43	45	28
2	3	11	32	41	47	45
1	12	22	31	41	45	40
1	4	14	15	30	33	18
8	14	15	18	19	45	27
10	11	30	31	32	44	21
7	8	18	24	28	40	34
2	10	19	24	27	31	1
27	28	29	30	42	46	1
5	12	15	19	28	38	40
4	10	14	15	26	27	11
1	9	23	28	38	47	17
13	27	32	33	41	46	16
3	13	24	28	30	46	43
10	13	18	26	30	39	15
11	13	33	36	38	39	25
18	20	27	36	42	44	9
3	9	17	21	36	43	34
1	4	12	23	28	29	22
7	27	35	38	39	42	31
2	7	14	16	33	42	10
5	6	24	29	32	35	45
2	11	20	27	32	36	24
3	4	6	33	34	37	9
2	6	12	25	35	39	43
4	14	17	25	34	38	23
4	7	27	30	32	33	14
14	16	20	31	41	45	42
9	13	15	18	32	33	30
9	16	35	40	42	44	11
1	3	17	24	28	33	8
11	18	22	23	36	47	19
10	17	20	33	41	42	19
21	22	33	36	40	44	25
6	7	19	22	24	41	26
22	24	25	27	43	44	3
1	3	9	10	22	38	14
7	9	29	31	39	42	3
7	23	24	27	34	39	12
16	17	30	35	37	39	14
9	11	14	27	34	47	43
5	19	20	24	39	47	38
12	15	29	34	42	47	18
5	13	20	26	28	40	43
19	26	27	29	34	43	38
3	13	17	29	32	37	12
9	12	28	29	35	39	44
12	13	17	21	37	39	14
7	9	12	14	20	27	46
7	32	34	35	45	46	2
1	6	10	22	26	33	31
7	8	31	32	41	42	2
1	5	11	23	27	32	9
3	16	21	29	30	35	44
4	25	28	37	40	41	19
1	7	14	16	17	22	28
2	9	28	39	40	42	32
6	12	17	32	41	47	43
3	4	18	33	42	44	22
1	8	25	30	45	46	12
10	14	19	28	29	34	26
7	18	26	27	33	43	6
1	7	10	18	21	28	30
4	8	14	17	35	44	5
13	16	28	38	40	43	44
7	16	22	24	27	33	45
11	12	24	31	36	39	5
10	15	22	30	34	40	39
6	16	26	30	37	43	10
11	26	27	34	44	46	8
1	2	5	20	21	23	36
11	22	24	25	42	43	23
9	13	14	25	41	47	16
4	15	18	25	35	39	5
1	8	9	13	18	32	4
14	21	23	25	37	43	18
16	19	20	25	28	40	38
27	35	38	39	41	42	26
3	12	16	18	42	44	24
6	7	18	27	37	41	43
10	11	22	28	35	41	33
2	19	36	38	40	44	3
1	13	14	27	33	44	24
9	14	17	23	34	36	16
9	30	31	35	39	44	4
1	8	9	33	38	39	5
2	15	26	27	42	44	35
7	9	10	20	22	40	8
2	7	11	26	29	41	4
12	17	21	22	32	36	40
7	15	20	25	30	38	27
1	8	16	20	23	38	39
2	10	11	25	31	33	4
11	22	25	35	38	42	28
5	20	36	37	38	43	13
2	4	11	26	29	30	20
2	5	12	20	23	27	14
3	11	12	22	29	40	4
13	20	28	34	35	39	30
3	4	20	28	34	35	1
10	18	24	26	28	39	22
17	18	31	38	43	44	37
14	18	25	31	40	41	15
1	6	9	24	31	43	16
6	14	25	31	35	42	34
4	13	14	17	21	35	19
23	25	32	34	37	43	31
10	16	29	31	35	36	13
1	6	15	25	28	32	17
4	6	16	19	26	32	20
4	21	24	30	39	41	32
7	8	25	28	30	44	12
13	16	24	36	39	41	10
9	21	25	34	38	42	27
5	6	7	11	32	33	36
9	20	22	37	39	41	40
25	36	37	39	43	44	16
2	15	26	34	36	41	4
2	3	17	32	38	42	7
6	10	14	15	19	40	2
1	9	19	25	29	42	8
3	11	15	31	34	42	2
5	6	9	12	35	37	11
5	15	16	17	21	22	25
2	5	17	21	33	40	30
8	11	21	23	26	40	28
5	21	29	34	36	42	27
9	14	20	31	35	38	17
9	19	20	21	28	43	1
7	8	17	23	40	43	1
5	8	13	37	39	44	20
2	8	9	24	25	34	42
6	8	11	27	35	38	2
7	11	26	32	41	42	20
7	11	19	28	39	40	31
8	11	17	33	39	43	23
5	14	23	29	30	38	22
4	7	33	35	40	42	2
4	5	6	8	12	24	39
1	3	13	23	29	40	15
1	14	17	25	32	40	16
4	8	25	27	37	38	15
15	18	25	28	30	44	38
5	15	21	22	29	34	28
2	4	11	14	33	38	16
14	17	18	24	32	42	12
2	3	8	16	28	31	15
2	14	16	23	37	39	19
4	7	14	16	30	37	34
4	12	14	15	23	43	13
2	3	8	12	27	31	18
4	13	14	15	29	40	32
2	15	34	37	38	39	26
22	27	32	35	43	44	16
5	6	18	24	30	35	7
2	11	14	21	32	44	30
5	10	20	32	37	39	27
10	22	30	36	40	44	15
1	4	11	17	22	33	44
7	8	9	12	22	37	16
22	26	32	34	36	43	42
18	19	30	31	32	43	3
2	12	13	27	28	40	44
8	15	19	25	33	36	34
20	22	32	33	35	44	21
2	10	14	23	41	43	13
3	13	14	18	26	42	41
9	13	14	22	23	40	3
4	13	17	26	33	39	12
2	3	10	24	26	36	27
4	15	16	26	37	38	27
17	19	22	23	38	41	33
1	5	13	29	42	44	23
1	5	14	16	20	33	40
2	14	21	26	37	43	32
8	17	19	29	31	43	22
20	27	28	29	36	41	37
8	23	27	32	33	44	41
1	15	20	25	26	33	18
8	16	18	21	32	43	34
1	14	16	21	31	35	32
2	4	18	28	40	42	25
15	19	23	25	27	34	21
5	15	16	18	32	33	20
11	12	14	23	31	43	16
3	9	11	20	21	26	5
3	21	22	24	37	40	7
9	24	27	28	34	36	39
10	18	26	28	38	42	13
5	7	18	19	22	30	27
11	35	36	37	39	43	10
2	17	23	29	38	39	11
10	15	25	34	39	40	22
12	15	23	26	32	33	31
1	19	22	25	27	35	30
6	10	11	33	35	36	39
6	12	13	19	20	22	26
10	17	21	25	35	44	31
13	20	25	34	38	40	44
4	10	16	25	31	35	32
1	3	14	15	16	27	12
3	18	23	27	34	37	44
4	20	22	32	33	42	17
2	10	13	18	29	36	15
11	18	27	30	34	40	21
3	12	13	19	27	38	23
7	12	13	14	15	35	19
7	8	15	16	18	43	36
6	14	17	32	38	42	10
9	13	26	30	32	44	19
2	9	18	20	38	43	16
3	16	17	33	35	40	37
10	13	26	30	34	42	27
2	7	13	23	34	37	27
4	5	6	18	33	36	25
2	17	19	21	33	35	28
3	19	26	30	39	43	22
3	9	19	23	32	39	8
28	30	36	39	41	43	27
10	22	24	25	37	43	31
1	7	13	14	27	35	34
9	12	13	34	35	41	1
3	7	15	22	34	42	33
3	15	21	28	36	37	7
6	10	20	22	23	24	15
1	5	19	31	34	39	27
6	15	18	22	25	32	9
1	4	8	9	35	44	24
3	6	9	12	24	26	34
5	14	15	18	33	36	2
9	12	16	20	25	26	43
12	17	24	28	35	39	16
3	12	13	26	32	41	10
10	33	37	40	42	43	44
1	5	8	15	31	32	14
2	3	8	14	31	39	9
10	21	24	25	37	41	12
11	18	28	30	31	34	15
3	5	6	13	37	42	38
4	10	16	18	20	37	3
7	11	31	35	38	40	41
18	20	28	31	38	44	40
6	23	25	26	30	36	31
6	8	9	26	37	43	23
6	7	19	25	30	33	44
1	6	10	31	37	38	4
10	14	17	28	33	35	18
7	14	25	36	41	43	1
6	9	15	18	24	25	1
8	9	24	27	35	42	31
13	14	17	28	30	31	2
13	14	16	20	37	41	34
18	22	26	30	33	34	37
5	7	25	26	30	39	24
2	3	15	26	34	42	9
4	24	26	28	38	42	44
8	15	17	28	30	42	37
1	9	23	25	32	44	17
2	11	14	21	29	30	1
2	3	7	31	32	38	36
3	15	25	30	36	39	34
8	24	29	32	33	44	18
21	24	26	34	38	44	39
1	4	11	13	16	20	36
5	17	23	25	38	40	20
5	18	25	36	42	44	3
12	14	17	28	31	34	32
4	11	18	22	28	30	21
18	21	25	28	33	35	30
13	32	33	36	39	40	15
6	17	22	25	29	40	27
2	5	13	16	19	38	34
3	5	6	12	27	43	41
2	13	19	24	30	37	39
6	16	21	26	33	37	34
8	12	16	21	34	44	6
13	27	29	30	37	43	22
2	18	23	26	29	32	10
18	19	22	35	36	43	3
2	3	8	12	17	23	28
1	3	7	15	29	42	30
6	7	13	27	32	40	35
5	13	15	20	30	44	14
9	15	31	36	39	43	6
5	8	9	14	42	44	36
3	6	27	32	38	40	14
7	10	20	22	26	40	41
16	17	20	28	29	43	22
14	15	17	38	40	43	1
5	12	18	23	26	39	13
6	11	12	22	29	44	1
3	11	14	26	31	32	8
5	11	21	30	31	32	39
2	8	28	31	34	39	17
1	8	14	17	18	22	2
3	15	33	35	40	42	20
14	20	25	26	30	41	18
1	7	8	14	25	44	19
3	13	16	18	22	34	21
9	16	18	28	30	36	2
1	12	14	15	34	43	5
2	4	6	32	39	40	18
6	7	15	17	21	24	1
7	16	24	28	31	33	18
4	22	34	38	42	44	23
6	17	19	23	25	43	32
8	11	13	26	37	41	6
2	14	28	40	41	43	17
2	6	17	25	34	39	7
4	8	17	19	27	39	1
11	13	15	21	25	30	31
3	6	14	21	27	36	33
4	15	17	19	21	33	40
23	25	32	33	37	38	20
5	16	32	34	42	44	9
1	3	8	11	15	44	36
1	15	16	25	29	31	23
8	10	15	16	31	35	4
1	7	12	13	22	39	28
1	5	18	25	32	37	26
2	3	12	25	35	43	34
2	11	17	24	25	26	12
5	21	25	27	30	39	3
6	9	14	22	24	29	4
7	21	25	33	34	37	41
1	4	5	10	12	42	35
4	6	7	33	38	39	43
11	20	30	31	32	44	37
6	13	16	19	20	32	37
6	8	20	23	24	25	33
1	9	12	29	39	42	36
22	25	26	31	32	41	40
5	7	13	16	31	32	2
3	18	23	33	40	42	10
6	11	15	37	40	42	16
7	10	16	22	37	39	40
17	23	26	29	35	42	20
3	27	34	35	37	38	24
7	14	30	33	39	43	3
4	5	17	35	40	41	25
21	22	24	29	39	44	7
5	7	17	27	29	34	10
5	7	16	21	36	42	39
9	11	17	20	28	39	38
1	4	24	28	35	40	12
10	25	27	34	35	42	3
19	20	26	27	30	39	23
5	16	18	22	26	27	37
16	21	23	30	38	42	28
1	10	18	25	40	44	29
5	10	14	25	34	41	42
1	4	10	13	26	29	34
2	6	7	18	25	29	26
3	11	30	31	37	40	15
16	21	23	25	34	37	27
16	28	30	31	34	44	27
14	23	29	35	36	38	39
18	23	25	36	37	43	9
7	14	24	33	38	39	35
6	14	34	36	37	44	35
11	22	28	34	41	43	38
6	7	19	29	39	40	10
1	11	14	28	40	43	5
6	10	18	31	34	38	37
3	6	7	9	10	14	13
7	9	10	12	19	25	38
4	7	18	21	34	38	8
5	10	17	26	38	42	8
4	5	18	37	38	39	29
9	12	25	32	35	44	28
6	20	25	29	37	41	14
3	7	10	18	25	39	35
9	15	19	23	24	30	25
7	12	19	20	41	44	36
10	12	23	31	37	42	13
9	20	24	27	31	35	44
1	4	7	15	35	40	8
3	15	25	34	36	41	1
4	10	15	20	21	30	27
7	25	28	30	38	40	3
10	15	20	22	25	40	16
7	9	24	28	38	43	3
2	11	23	27	38	42	19
2	3	19	32	37	40	27
3	23	26	39	40	43	28
8	10	12	26	33	36	23
5	8	13	19	30	35	37
3	6	29	32	33	34	21
10	12	23	25	30	34	21
1	28	33	36	40	44	43
4	9	16	22	40	43	1
4	11	17	21	31	42	6
5	12	13	29	35	43	30
7	23	26	28	31	35	41
12	22	26	31	36	39	38
3	6	8	16	17	37	25
3	7	10	11	21	24	17
4	10	25	26	27	39	14
1	8	9	13	32	36	34
2	6	10	13	20	37	15
9	15	16	17	28	43	11
13	14	15	30	36	41	26
1	5	10	15	16	22	4
8	9	22	27	28	31	15
4	15	21	30	34	38	33
1	7	26	33	38	40	31
10	12	15	22	43	44	1
7	27	29	30	36	42	13
4	10	15	18	20	27	40
2	6	8	15	30	39	34
7	9	11	24	35	43	13
3	13	21	26	33	35	34
2	20	25	28	30	38	5
8	10	13	24	39	40	44
2	4	10	18	30	40	23
6	13	14	31	34	41	3
17	18	23	27	29	40	6
2	27	32	40	41	43	11
12	18	24	30	35	44	6
3	8	11	22	28	42	24
1	25	27	29	38	40	19
9	16	25	36	41	42	40
1	2	19	20	36	41	39
9	10	17	28	38	39	35
12	20	23	36	40	44	26
8	12	18	35	39	40	27
4	9	15	24	32	42	26
16	18	21	34	35	44	17
11	13	18	28	39	44	37
3	7	15	25	32	33	22
7	12	16	17	42	43	34
5	12	15	36	37	38	31
4	10	14	16	26	35	37
2	8	20	32	38	42	19
8	9	10	17	37	39	33
5	15	34	39	40	42	7
8	13	24	29	30	32	2
10	25	26	34	36	44	37
1	3	6	7	37	44	35
2	5	13	16	24	40	7
5	8	13	14	28	44	21
2	17	21	25	31	44	14
7	25	29	32	38	41	28
8	11	25	39	40	41	28
2	12	19	24	38	43	42
10	14	20	32	33	44	23
6	14	25	27	40	42	18
14	18	26	29	32	33	12
18	20	32	33	36	38	2
2	12	18	23	27	43	40
5	14	21	33	34	38	37
4	7	9	19	32	36	44
13	21	32	33	35	40	8
1	3	10	16	32	43	8
2	15	18	23	38	42	37
3	5	18	27	38	44	13
3	6	17	28	33	42	39
5	10	26	27	30	37	42
20	23	35	37	38	44	39
3	10	15	18	33	41	43
8	19	30	34	41	44	22
1	5	22	31	33	44	36
7	23	27	39	42	44	17
7	28	35	36	39	42	31
2	8	9	24	38	39	34
10	21	24	31	38	42	9
1	2	25	37	38	44	21
2	6	14	20	38	41	9
5	19	23	24	26	40	43
15	18	20	25	31	32	13
17	20	26	35	43	44	6
9	12	29	39	42	43	13
24	26	27	29	31	36	20
2	4	10	26	27	41	22
8	16	22	34	36	41	6
6	9	19	29	32	37	43
17	26	31	34	42	44	7
6	11	27	37	40	43	31
2	4	5	10	22	23	39
5	11	14	38	40	41	27
5	16	25	31	32	41	15
8	12	24	25	28	31	19
3	4	13	29	38	40	43
3	14	15	18	29	35	27
2	13	24	26	28	36	31
6	17	23	30	41	44	31
4	6	10	15	20	42	37
6	9	17	31	34	43	27
11	19	20	37	40	44	14
7	10	27	32	33	42	35
1	11	19	36	41	43	34
9	18	20	23	25	41	24
1	8	21	26	27	42	17
5	7	11	14	25	30	12
3	7	20	28	30	36	44
8	35	37	40	42	44	21
1	11	16	18	26	33	14
3	7	13	15	24	25	34
19	24	35	38	40	41	14
1	3	15	16	36	44	9
10	12	17	19	24	26	32
3	5	23	26	27	40	33
15	23	27	32	33	41	39
13	14	19	28	31	40	20
24	31	32	33	34	37	13
7	13	27	31	38	39	37
16	18	20	29	38	42	6
4	10	25	31	37	41	20
2	5	11	21	23	27	32
20	25	27	29	37	44	24
2	6	18	26	41	44	19
5	12	13	22	38	42	9
13	19	22	27	29	33	40
13	18	24	27	31	44	36
3	10	24	29	37	41	40
6	23	29	37	40	44	25
9	12	21	24	26	37	1
1	27	36	37	43	44	18
1	23	24	29	30	32	40
3	4	24	33	39	42	43
3	9	13	34	35	44	7
5	6	11	21	26	37	7
3	11	16	19	23	40	2
2	15	24	37	40	42	43
1	18	20	22	25	43	9
5	6	9	19	28	42	44
7	14	17	25	27	38	18
1	8	18	19	24	31	32
1	5	9	14	19	44	41
1	10	25	33	40	44	37
6	10	15	17	24	32	21
1	4	10	16	18	39	40
3	18	19	29	30	41	20
5	7	16	18	29	34	11
1	5	6	13	15	17	22
3	8	10	11	27	42	4
1	9	19	28	40	42	37
3	11	21	25	33	35	4
1	2	7	11	20	39	6
1	3	8	27	34	44	21
9	22	24	25	30	31	39
1	5	11	13	16	28	29
3	5	22	29	35	38	6
1	7	20	29	37	40	21
2	9	12	16	27	29	7
6	7	9	13	31	44	27
18	21	23	28	39	41	22
1	18	29	32	34	39	33
2	8	12	21	34	43	13
8	10	28	30	33	43	6
1	14	20	34	37	41	7
9	12	26	32	39	42	1
13	14	16	21	27	36	26
15	23	41	42	43	44	21
5	6	7	8	33	39	3
18	20	23	24	28	35	44
2	11	23	25	32	34	36
2	19	27	36	41	43	6
9	18	19	25	29	33	32
12	20	21	27	39	42	8
9	20	33	37	39	41	28
7	9	10	19	22	30	11
4	7	14	39	40	42	24
4	12	13	27	37	44	1
17	24	27	29	33	35	22
16	22	31	33	34	36	2
6	12	13	24	28	38	43
2	3	6	14	18	43	22
3	7	10	12	30	34	41
2	11	25	31	32	33	4
9	17	34	35	36	43	40
8	11	22	32	42	43	17
1	2	6	24	27	30	43
11	12	23	30	40	42	26
2	11	24	27	29	40	16
9	36	37	41	42	44	25
7	15	17	19	33	37	23
1	18	20	24	30	32	15
3	8	17	32	36	43	7
9	10	12	17	28	38	3
9	13	17	21	33	37	15
7	9	12	20	22	41	18
8	13	15	26	32	42	20
2	7	18	27	37	43	5
2	6	17	18	28	44	34
6	12	21	24	31	40	38
1	12	19	24	25	35	9
4	18	31	37	41	43	40
6	13	14	17	31	42	29
5	8	22	31	38	44	30
18	29	37	39	42	44	5
8	14	15	36	37	38	29
9	21	27	28	30	37	18
11	13	25	35	40	43	9
4	6	10	17	33	38	39
1	5	14	19	30	31	41
1	4	27	29	30	35	40
2	14	17	20	25	26	30
9	16	28	30	32	34	10
11	19	24	27	32	41	28
1	17	19	26	36	38	21
14	27	30	31	35	37	24
3	23	34	37	40	41	17
1	8	17	32	43	44	31
5	11	25	28	43	44	31
2	14	29	34	37	41	23
5	7	10	27	30	44	40
12	17	32	33	38	40	5
8	25	33	34	36	43	2
2	16	26	36	37	39	22
3	17	20	28	38	41	25
7	8	29	30	32	33	4
14	24	28	32	35	36	15
9	17	18	26	27	38	33
11	12	17	18	35	37	1
19	28	35	36	37	38	4
7	8	10	31	39	41	35
3	4	12	19	32	33	40
3	13	16	20	33	41	37
2	7	10	16	21	36	19
2	7	12	13	20	29	21
14	18	20	24	26	36	2
4	10	14	26	31	40	5
3	11	17	20	26	35	37
12	14	31	40	43	44	7
4	7	8	13	31	41	19
2	7	16	22	23	34	28
9	16	22	27	30	42	13
2	6	8	9	14	29	30
8	24	30	35	37	44	31
3	5	9	13	23	33	20
1	8	11	25	27	36	26
4	19	23	24	32	39	42
8	9	22	31	39	40	6
3	11	15	19	28	37	4
7	20	29	32	33	41	43
13	17	18	32	35	38	19
9	10	19	20	28	32	39
2	16	18	24	39	41	30
6	13	16	30	31	36	9
5	12	15	18	37	41	17
2	17	26	28	39	44	12
4	5	7	10	28	44	32
13	15	21	26	33	34	24
2	4	14	24	30	38	40
2	5	10	15	23	37	13
6	14	18	23	31	35	8
8	13	17	21	28	31	3
26	29	33	34	39	42	16
13	19	23	31	38	43	9
13	19	23	29	30	44	25
12	18	23	29	33	36	10
9	20	24	34	37	40	5
13	14	21	34	38	39	32
1	8	14	33	42	44	30
6	18	23	31	40	41	38
1	5	16	21	25	37	20
4	10	24	37	38	42	25
11	12	14	40	41	43	26
7	8	10	13	15	29	40
23	29	32	40	41	44	7
6	19	21	29	37	44	36
5	15	21	34	40	42	11
1	5	15	17	41	44	20
4	12	18	22	23	31	8
5	21	22	31	32	37	11
1	12	15	21	27	38	8
1	3	8	13	14	21	26
22	24	26	27	37	39	25
1	9	15	27	34	44	25
8	12	25	30	32	34	33
3	15	16	33	35	41	43
1	2	6	11	24	41	28
4	6	7	10	18	43	44
12	22	31	35	36	44	40
12	15	16	21	37	43	24
8	9	12	14	17	38	21
1	9	17	23	24	44	34
10	11	33	36	41	43	25
2	11	16	17	35	36	25
1	5	8	10	13	40	17
9	10	20	24	35	40	37
2	3	14	22	29	37	41
1	3	9	34	39	44	2
5	11	22	27	43	44	18
8	13	20	23	30	33	5
4	5	26	28	33	35	39
2	12	14	18	34	39	23
1	5	8	9	22	25	20
2	4	11	27	29	41	1
3	4	16	18	25	26	15
7	10	24	29	35	41	40
7	11	18	26	33	38	6
2	7	12	16	28	42	19
3	4	25	32	34	35	11
5	16	26	28	31	34	30
4	9	12	15	28	30	11
1	4	11	15	40	42	20
1	10	12	27	33	34	32
5	20	22	26	40	42	16
7	9	15	20	24	41	22
18	24	29	32	35	42	31
2	7	8	33	35	44	37
4	5	19	38	39	42	12
5	7	21	33	36	41	3
3	7	12	14	27	32	38
6	17	26	27	33	40	44
7	18	30	36	37	43	23
1	2	12	13	15	29	5
17	18	20	31	34	43	32
17	28	31	36	37	41	4
16	30	31	35	36	42	27
7	18	22	30	31	44	29
15	17	21	23	25	30	35
2	5	10	18	37	41	16
5	9	13	22	29	35	39
2	10	11	13	16	19	31
1	10	11	21	34	40	12
2	6	10	23	39	42	15
4	7	9	12	14	44	2
3	7	18	26	34	38	33
1	2	4	17	26	41	21
12	20	27	34	36	41	11
4	25	28	29	30	32	7
8	21	24	27	28	31	12
3	9	16	29	35	42	33
1	4	20	30	31	39	43
8	18	21	31	34	43	15
6	11	33	34	38	40	9
2	4	5	7	23	42	28
9	27	32	38	40	41	29
13	14	15	16	17	18	19
2	3	16	19	20	38	31
5	9	23	35	37	43	19
2	5	13	17	23	26	30
1	6	12	13	27	43	11
15	23	31	32	36	42	27
6	13	20	30	36	43	15
1	3	24	30	38	41	16
11	14	16	19	24	28	13
5	13	23	30	33	39	11
18	24	31	34	43	44	39
2	10	17	25	36	43	14
10	16	26	30	35	37	40
7	12	16	20	30	38	29
3	9	13	15	36	41	28
13	15	20	25	34	43	41
9	15	18	21	32	38	29
12	20	23	24	33	36	37
4	6	10	15	22	35	30
1	3	8	10	23	30	20
4	5	13	26	28	34	24
5	7	12	30	37	44	3
4	8	20	23	31	36	2
1	12	18	22	30	40	14
1	3	12	19	24	40	21
13	24	28	30	32	37	27
5	14	28	36	37	43	32
5	6	14	36	37	41	3
2	11	17	27	30	31	9
8	11	14	27	40	43	34
12	15	18	20	40	42	2
12	13	16	17	35	44	32
4	5	12	18	32	43	1
10	18	20	33	34	44	11
7	8	13	17	28	43	20
1	7	8	38	39	43	34
1	22	25	32	33	40	34
2	11	15	30	34	35	9
5	12	26	28	31	32	42
7	8	12	29	36	40	19
5	21	31	33	38	40	28
6	8	32	35	41	42	3
4	5	7	24	27	40	11
13	14	21	24	28	41	42
19	24	26	28	33	35	39
4	11	13	19	25	32	36
7	19	26	33	36	44	42
6	7	12	14	18	44	20
5	6	9	17	36	40	2
7	19	23	24	25	28	20
2	10	15	18	31	42	6
4	10	12	22	32	36	38
2	9	11	15	20	21	43
1	2	9	11	15	41	38
2	8	18	29	30	37	21
2	9	15	17	31	39	32
6	7	11	30	31	37	14
7	13	17	33	37	41	40
1	2	6	20	37	40	8
6	10	14	33	36	40	15
1	3	14	20	35	36	25
8	16	22	27	29	42	34
9	15	16	18	35	44	2
7	8	11	12	26	39	4
7	17	23	26	32	35	12
10	11	17	25	36	37	20
1	2	11	18	36	40	10
8	11	24	29	35	44	15
3	6	18	24	29	35	16
10	14	30	32	33	44	4
17	24	28	36	42	43	26
7	8	26	31	34	39	19
3	10	15	25	34	43	21
1	3	14	18	24	35	13
6	13	32	33	40	41	19
3	9	10	15	40	44	2
6	15	19	27	29	41	26
4	8	10	36	38	42	19
7	13	36	37	40	43	15
13	16	21	35	36	44	25
5	12	23	30	34	41	13
2	4	7	9	10	24	28
7	20	25	36	37	43	2
7	16	18	24	36	42	12
3	11	21	28	31	39	25
3	5	11	13	35	38	18
8	17	24	30	37	40	3
5	7	11	14	18	44	38
12	23	29	34	36	41	33
3	16	20	31	35	39	6
6	13	22	27	39	40	32
15	16	22	25	32	37	20
1	20	21	32	40	43	39
14	20	31	34	38	39	32
8	24	25	26	35	42	3
4	7	16	25	27	44	2
5	20	26	33	34	40	31
1	2	4	7	19	43	31
13	17	22	26	36	37	25
8	10	17	21	37	41	31
6	19	29	33	37	43	36
4	19	20	28	33	40	39
2	7	21	23	32	39	25
9	13	32	33	39	41	21
5	7	14	20	29	33	10
7	16	23	31	36	44	29
1	12	22	23	41	43	30
2	6	17	18	29	40	33
2	5	11	38	42	43	7
9	10	22	23	33	41	25
13	15	34	35	37	43	32
1	10	23	26	42	44	3
2	9	14	16	25	40	6
2	15	25	27	32	37	4
4	8	22	24	41	43	42
14	16	26	29	36	37	5
1	2	24	25	27	42	19
1	2	3	17	28	41	34
5	12	19	25	30	42	29
21	26	27	28	31	43	42
1	3	5	6	10	17	37
1	8	14	15	16	33	5
2	5	21	23	35	41	38
1	5	6	10	13	19	38
12	14	19	24	34	37	9
5	15	18	37	38	39	34
6	7	18	20	28	37	34
14	20	21	27	36	43	8
4	14	21	22	40	41	19
1	5	15	16	26	28	25
10	15	16	22	35	37	34
8	9	15	16	20	36	7
1	7	10	15	25	42	35
4	8	17	27	29	43	34
4	8	11	14	33	39	34
2	12	16	22	23	40	9
7	8	11	27	38	39	16
2	21	30	38	40	42	15
6	28	29	30	32	44	11
3	9	10	14	16	36	18
2	12	18	20	28	30	15
2	5	26	35	37	40	17
2	14	15	37	41	43	29
2	6	8	30	32	42	11
11	12	19	36	37	43	24
1	11	13	14	20	30	21
1	4	15	21	31	39	5
4	8	11	25	32	37	34
5	17	27	28	29	32	23
4	18	19	21	22	32	11
1	2	16	18	30	38	27
6	11	24	26	28	35	15
11	16	23	34	41	44	14
6	16	17	20	24	29	4
10	12	16	18	43	44	3
7	12	22	25	33	42	14
3	7	16	23	37	44	4
3	5	20	22	35	44	31
3	4	13	27	30	35	38
2	10	12	22	29	39	1
5	24	33	34	39	41	9
7	8	11	19	24	29	17
2	3	14	18	19	23	42
14	15	20	24	26	42	22
10	21	23	24	39	42	19
8	10	13	35	39	41	24
4	5	6	19	35	36	31
4	5	13	18	19	38	39
2	3	16	17	29	36	8
6	12	13	18	25	29	16
10	14	17	22	33	44	39
8	12	13	16	26	43	5
13	25	33	37	40	43	30
4	5	7	17	22	31	44
2	11	13	24	29	31	36
8	27	33	38	39	43	20
3	7	8	18	22	44	6
6	14	26	33	38	39	43
6	14	16	28	29	41	22
2	10	19	25	33	37	5
20	27	30	34	38	40	32
13	20	28	29	38	44	32
1	19	21	28	39	40	16
7	17	18	24	32	42	14
17	24	25	28	37	44	29
8	12	13	22	24	35	33
7	13	21	23	32	35	20
1	2	25	32	38	39	3
9	11	25	26	34	39	31
3	4	12	14	31	41	36
2	4	6	11	30	42	5
2	20	24	27	37	40	6
9	13	19	24	25	28	44
16	25	29	30	32	34	7
8	9	11	32	37	38	1
4	5	10	17	18	42	25
9	10	11	12	16	37	22
8	14	24	34	38	43	27
7	15	20	29	31	35	11
1	3	20	30	31	43	28
2	6	23	29	40	41	1
14	15	20	26	27	39	6
3	16	17	22	28	42	13
16	26	27	33	38	44	37
15	20	27	32	38	42	30
7	9	14	16	27	42	10
6	14	17	22	25	38	23
9	18	20	33	34	37	19
5	15	20	28	29	44	40
3	6	13	24	29	42	21
3	8	15	22	24	26	34
2	4	6	9	23	33	12
1	14	25	31	38	42	15
3	6	8	11	31	38	4
6	21	25	35	38	41	32
9	11	12	21	25	30	40
3	6	8	18	19	43	32
5	17	21	39	42	44	16
1	4	14	20	30	38	11
1	3	8	26	37	43	23
6	8	29	31	35	36	33
1	14	17	30	31	41	4
4	8	31	36	37	41	19
1	6	13	29	30	43	25
2	10	11	12	31	37	40
6	11	23	32	34	42	33
4	5	20	21	33	40	31
5	11	17	26	34	36	3
6	14	19	24	30	31	5
4	12	15	36	42	44	7
13	25	30	35	42	43	16
3	8	10	12	13	16	41
7	11	14	17	25	43	26
1	7	16	31	36	42	5
2	6	12	22	33	36	9
5	12	22	32	39	42	18
6	9	16	23	33	35	37
9	15	20	22	23	36	35
3	6	22	26	31	36	2
20	28	30	40	41	43	25
5	8	22	31	33	44	11
14	15	30	35	41	42	7
7	20	24	34	37	44	33
16	17	22	27	37	41	34
23	25	29	36	43	44	42
16	21	35	36	39	40	44
7	8	11	27	34	44	10
12	13	14	22	32	38	37
16	23	27	28	32	40	33
3	5	18	25	34	42	35
2	11	17	20	35	43	25
1	19	26	33	35	38	8
12	24	28	36	38	42	23
3	11	16	23	34	43	35
25	29	36	37	39	41	32
7	13	18	21	36	40	12
1	5	6	9	23	24	15
2	8	9	11	12	28	32
2	14	15	20	36	37	13
4	12	13	26	33	40	37
1	4	7	24	25	38	12
5	12	22	24	30	38	31
5	15	17	36	38	44	35
6	10	12	15	23	36	44
1	5	7	10	16	41	20
18	19	20	31	37	41	2
17	25	31	33	35	38	42
10	20	25	39	41	42	6
7	12	18	27	32	38	23
3	21	39	40	41	44	32
11	15	25	26	32	43	39
18	27	32	35	38	39	12
11	13	24	32	34	38	37
5	16	20	21	25	43	36
7	22	29	34	37	42	44
11	15	26	28	34	43	24
15	19	20	28	29	31	9
4	8	20	24	27	41	26
7	13	22	23	27	43	17
2	5	11	17	31	43	28
3	6	10	26	29	40	27
7	9	11	20	28	31	1
5	13	16	20	28	38	40
6	9	19	28	32	33	11
15	16	17	19	35	37	29
6	10	16	24	26	44	21
3	4	6	8	25	43	28
1	17	19	20	27	29	4
1	22	34	36	38	41	20
4	15	19	29	42	44	27
8	13	17	23	30	37	16
3	17	24	27	32	43	44
4	9	18	20	31	38	29
1	10	17	23	31	33	13
9	23	25	30	37	43	40
9	24	30	31	38	39	17
5	15	31	32	38	42	27
20	26	29	38	43	44	17
4	15	26	35	36	38	25
7	12	21	30	31	40	24
15	20	28	32	33	39	16
6	12	14	16	30	42	5
1	5	9	23	24	36	21
3	9	11	26	38	44	4
7	13	17	36	37	40	6
1	9	24	28	39	40	21
3	8	9	17	31	39	41
8	23	35	37	38	39	31
4	10	12	30	33	39	9
9	22	26	34	40	41	21
1	6	22	25	28	35	10
20	25	29	31	32	37	43
5	31	36	38	43	44	3
2	3	18	26	29	33	4
8	16	18	20	23	30	17
1	6	16	20	23	27	34
5	15	16	17	36	38	1
1	15	25	29	30	38	42
17	18	25	30	31	40	28
2	7	23	36	37	38	11
3	11	15	20	22	27	29
5	23	26	27	37	39	11
1	10	28	33	41	44	31
6	11	13	16	26	43	21
6	12	16	26	33	35	9
3	9	24	30	35	38	33
10	26	30	35	41	44	29
4	5	10	14	19	21	12
7	14	20	25	33	38	9
1	5	20	25	28	42	22
2	6	8	9	34	36	39
5	17	28	32	37	42	38
14	15	27	31	35	42	13
2	9	22	27	33	35	11
1	5	8	10	35	39	6
5	6	20	25	35	39	38
9	13	14	19	20	29	6
4	5	19	23	31	36	9
4	15	22	24	34	38	2
3	10	13	14	30	37	27
4	13	17	28	38	39	15
2	15	20	21	24	25	34
1	2	4	10	34	38	26
6	8	18	20	36	37	31
3	5	7	11	12	33	10
15	18	20	23	24	36	9
4	9	13	14	21	23	36
2	8	9	14	25	26	18
4	5	13	18	22	30	38
3	11	14	26	28	32	25
10	16	17	24	32	33	20
2	6	9	17	22	31	29
2	5	13	27	32	34	29
15	16	22	26	33	39	34
4	5	14	15	17	19	34
6	8	10	12	17	21	36
16	18	23	33	36	39	7
9	13	14	27	34	36	35
1	2	8	25	27	37	36
13	14	22	29	31	34	30
5	8	12	16	19	22	10
1	24	28	33	35	36	37
12	15	27	34	35	39	31
4	7	18	25	32	34	27
8	20	27	28	35	39	9
2	13	14	23	29	35	15
12	21	24	28	37	38	2
12	17	18	25	26	36	15
6	8	17	26	34	35	9
3	6	7	26	27	35	4
9	14	17	23	30	36	4
4	10	13	27	36	37	30
9	13	14	22	25	26	29
7	9	23	24	30	32	26
20	26	30	31	36	39	6
8	13	18	22	28	36	26
2	15	28	31	32	33	22
1	10	12	23	33	34	38
6	20	30	32	34	38	2
1	4	11	18	32	39	13
8	19	24	29	33	38	30
2	8	17	19	29	32	34
3	4	7	8	14	22	20
6	10	23	24	35	36	11
4	5	10	19	25	31	13
8	21	26	28	33	35	18
8	17	21	23	27	29	11
17	20	21	24	31	39	10
6	9	10	20	33	35	7
1	17	24	29	37	38	31
7	12	14	16	22	35	11
2	5	9	18	26	31	29
1	8	18	25	29	30	37
8	19	22	33	36	38	21
2	7	12	21	24	26	29
2	5	7	8	17	26	23
7	11	20	26	29	34	19
1	5	13	15	18	30	3
7	10	13	14	17	29	28
2	4	7	15	30	36	34
5	7	12	13	19	21	2
3	9	28	30	32	37	13
11	14	15	19	21	27	10
2	15	16	33	35	38	19
2	13	18	30	33	38	31
1	15	18	29	33	34	31
4	12	13	18	24	35	27
9	11	12	28	32	35	13
1	3	16	24	34	38	27
1	14	17	20	30	33	39
2	8	21	28	32	38	17
7	10	14	18	21	27	31
7	8	19	20	24	32	16
4	6	7	9	13	39	37
9	15	21	28	32	38	27
1	4	14	18	20	26	21
5	8	16	17	24	25	39
2	9	11	27	30	32	31
4	7	14	20	27	34	31
2	6	8	9	10	14	32
4	13	20	21	24	29	36
1	2	13	19	29	38	6
1	4	12	14	24	29	26
1	10	19	25	32	33	26
16	18	20	29	30	35	1
3	6	30	36	37	38	11
5	22	27	31	33	39	11
3	8	14	19	32	35	22
1	4	25	27	37	39	11
7	13	21	29	30	34	11
1	6	27	28	31	32	18
2	6	13	14	32	33	11
1	6	10	13	28	30	24
1	6	7	23	25	35	37
6	8	9	11	25	29	3
1	8	10	22	29	36	38
13	15	16	22	37	38	1
13	16	27	36	37	39	31
1	8	10	14	15	34	39
3	8	12	24	27	32	11
6	17	29	32	33	38	21
3	15	17	18	20	36	11
4	20	22	28	31	37	32
3	11	16	18	20	23	22
8	18	19	22	35	38	3
1	9	11	18	32	37	25
3	16	18	25	26	32	33
1	14	17	23	26	35	39
9	12	15	17	29	38	39
1	4	9	23	25	30	21
3	6	21	28	30	36	7
2	6	11	19	31	35	5
17	20	21	22	23	29	34
3	9	11	21	22	35	30
2	3	11	16	25	34	20
1	17	18	21	23	36	38
2	3	9	23	25	26	8
2	19	21	27	28	29	22
1	2	3	4	30	37	39
1	5	11	19	26	33	14
7	14	15	17	29	33	25
10	22	27	33	34	36	21
15	19	24	30	33	34	18
10	11	13	16	30	38	14
11	13	17	26	36	39	2
10	11	12	13	31	39	9
1	3	5	24	30	34	7
4	16	17	20	30	37	5
2	6	21	26	28	32	25
3	8	32	33	35	37	17
5	12	14	19	37	39	10
7	11	14	18	36	39	33
8	9	14	20	24	39	26
7	9	14	15	22	23	27
12	13	16	19	24	28	20
4	7	12	16	28	37	19
5	10	13	17	19	36	26
17	19	24	27	28	38	37
10	12	17	19	31	34	4
8	10	14	18	19	38	22
3	9	12	19	26	38	13
6	7	14	27	30	36	11
1	6	15	23	27	29	32
1	8	12	27	32	38	30
9	13	16	24	26	27	17
2	3	19	22	34	39	30
4	22	25	30	32	33	12
9	13	25	34	37	39	12
4	8	20	25	27	38	13
4	11	16	22	33	34	24
8	9	13	15	20	24	36
8	12	18	26	36	37	17
8	23	27	32	35	38	24
2	6	8	27	33	37	21
2	7	19	25	28	32	38
6	9	13	14	32	37	26
5	9	12	19	22	35	32
1	22	31	34	36	37	8
5	9	12	23	27	35	33
4	12	16	17	28	32	9
7	14	18	23	32	39	37
6	11	16	24	35	37	36
1	14	15	20	23	24	29
7	8	20	24	32	39	11
5	6	7	13	14	31	37
1	3	7	15	23	33	13
1	11	20	28	33	34	7
12	23	24	30	37	38	18
13	14	26	27	36	39	29
5	13	24	27	32	37	9
3	10	12	15	20	21	36
1	2	11	12	20	39	7
5	9	16	17	27	35	7
6	9	13	14	19	30	7
18	22	28	31	35	36	33
2	3	15	18	19	22	6
3	10	12	13	14	16	23
6	12	18	19	27	28	36
6	11	13	17	21	35	29
7	17	26	27	31	32	4
2	15	17	20	22	30	1
3	11	13	20	28	33	24
1	5	17	23	36	37	28
3	9	12	21	22	30	16
21	22	34	37	38	39	11
2	10	11	15	20	38	18
16	18	20	23	36	38	1
7	11	14	23	30	33	37
10	23	28	33	36	39	18
1	2	15	25	31	33	4
6	11	23	30	34	37	17
11	13	14	15	30	36	16
1	4	5	16	25	30	21
7	11	16	24	28	33	32
3	6	8	14	21	31	15
4	6	7	10	14	29	27
5	11	13	23	29	33	39
1	17	20	21	32	39	31
1	11	22	23	34	36	13
7	14	15	24	25	29	37
7	12	16	17	20	32	14
5	9	20	29	35	38	15
9	13	24	26	32	37	6
15	18	25	27	29	36	14
3	8	13	24	28	33	17
4	5	9	13	19	22	32
1	2	13	22	27	39	24
1	7	15	22	27	38	17
4	7	15	33	35	37	26
1	7	18	27	34	37	14
3	21	27	30	35	37	15
5	12	15	16	31	32	1
7	17	29	32	33	37	34
4	8	25	34	35	39	19
1	5	6	29	36	39	13
6	17	22	27	28	33	29
8	16	20	27	31	33	10
4	5	6	18	34	36	32
1	6	10	11	36	38	28
3	5	6	9	12	39	30
4	6	25	30	31	38	33
6	12	16	20	32	34	28
1	21	23	36	37	38	12
15	17	28	29	30	39	8
6	11	16	19	36	39	8
8	9	11	21	32	37	38
5	18	20	28	34	39	11
4	11	19	21	29	31	25
11	13	19	25	28	38	7
1	3	12	15	20	26	25
5	11	22	24	33	38	2
12	16	24	29	34	36	1
4	8	12	26	28	37	5
5	14	15	20	29	37	35
2	10	11	28	29	37	33
3	6	17	22	27	32	16
1	7	9	14	23	31	2
9	12	15	26	34	37	17
5	14	27	34	36	38	4
9	16	21	28	30	39	25
1	21	24	35	38	39	26
9	19	24	25	26	34	28
9	11	14	19	30	35	38
4	15	16	20	29	37	13
7	8	10	14	26	31	12
2	20	22	23	27	37	39
2	19	20	26	34	38	37
16	17	24	27	37	38	1
3	10	12	15	17	24	9
7	10	11	24	27	30	22
2	3	16	22	27	29	14
2	3	5	8	33	36	15
8	22	23	25	35	37	29
1	11	18	24	35	37	19
2	7	11	19	27	39	28
7	9	10	17	22	23	33
11	13	14	24	31	33	20
9	18	21	26	29	32	16
4	12	23	28	36	37	21
3	7	19	20	22	27	10
7	18	21	28	36	39	6
2	5	13	22	28	38	20
2	3	17	20	26	37	12
12	14	23	27	30	36	18
11	13	17	22	35	38	5
15	16	26	30	33	34	10
7	9	13	14	21	35	25
1	5	15	16	33	36	18
2	7	12	14	23	35	22
15	16	17	23	27	31	37
1	2	4	29	34	35	30
14	19	23	25	32	35	39
2	10	14	16	17	32	1
1	5	7	21	35	38	23
5	6	15	17	24	31	3
15	17	23	24	26	37	18
7	9	13	22	27	35	14
5	14	16	22	31	33	39
1	18	21	22	32	33	16
10	14	18	21	27	36	6
2	7	8	14	26	31	11
9	10	11	13	20	24	8
2	12	20	24	28	33	29
2	17	18	19	28	29	12
2	10	22	28	29	37	12
4	18	19	23	25	27	20
5	6	10	22	30	32	14
8	11	17	27	30	38	4
2	11	12	16	18	32	35
8	13	16	21	22	32	15
7	21	30	32	33	36	23
11	15	17	21	28	29	12
2	3	4	17	31	33	1
14	15	18	23	34	38	10
14	21	28	30	32	36	13
3	4	13	15	16	35	28
3	9	11	16	30	39	23
5	8	11	29	34	35	3
10	11	19	29	32	33	4
4	13	15	20	32	35	30
4	6	16	33	36	39	13
1	21	31	33	34	39	27
8	13	15	18	23	39	27
4	11	13	15	16	35	37
1	11	14	19	28	34	8
6	8	15	16	31	36	17
2	6	14	15	21	30	34
12	25	31	36	37	39	1
11	18	25	31	34	38	6
6	10	12	13	15	26	3
7	12	13	21	23	27	32
8	11	21	29	31	33	22
8	19	20	22	23	32	39
3	9	15	33	38	39	11
15	17	26	34	36	37	13
3	5	22	27	29	38	19
12	16	17	20	21	39	3
5	11	12	27	37	38	30
11	21	28	29	35	37	14
3	13	18	24	28	33	39
2	3	11	23	25	37	16
2	8	20	23	32	35	9
12	15	21	23	35	39	36
2	4	10	16	17	26	15
2	12	14	24	29	33	32
2	19	21	27	30	37	18
4	25	33	34	35	37	13
1	7	10	13	32	36	37
1	5	29	32	36	38	14
2	19	22	26	28	29	11
1	5	10	14	26	35	38
3	6	14	20	21	27	33
9	13	15	17	29	30	26
2	13	24	32	35	36	27
3	6	19	23	28	29	24
14	23	24	26	36	38	1
10	12	18	19	32	35	31
4	10	21	29	30	37	7
11	18	20	28	36	37	29
9	14	23	29	31	33	24
10	12	16	30	33	37	15
2	9	19	24	30	33	22
6	11	12	19	32	33	8
8	13	14	17	20	23	19
4	11	18	20	26	32	13
5	9	13	23	24	33	4
2	15	17	22	24	30	31
12	18	19	20	25	31	8
6	17	24	30	32	39	34
3	5	6	17	28	33	13
8	18	28	30	36	39	32
12	14	16	18	25	35	5
6	8	13	24	27	37	36
1	8	9	20	22	34	24
4	14	18	21	35	36	12
5	14	15	19	20	21	22
1	18	22	23	34	36	31
8	14	18	24	27	39	31
18	21	23	26	27	31	7
3	7	11	18	23	34	30
6	8	12	25	27	32	26
6	24	31	37	38	39	22
5	9	10	21	26	35	30
4	6	14	20	25	39	33
2	15	17	28	36	37	39
6	12	14	24	33	35	20
6	16	22	27	37	38	24
6	11	12	16	21	34	15
7	15	22	29	30	37	3
12	17	21	23	24	38	10
10	13	14	20	22	35	27
3	4	7	8	16	33	2
3	13	20	34	35	38	33
3	6	12	15	17	24	31
5	8	30	34	37	38	20
6	22	23	30	31	34	10
10	16	25	29	35	36	9
12	21	26	29	35	36	31
8	9	18	19	20	31	10
6	16	17	28	30	36	29
12	20	26	32	37	38	10
7	15	22	32	33	36	20
1	8	12	27	34	37	35
8	11	16	27	37	38	5
11	12	15	19	32	33	29
3	11	12	16	24	28	20
11	16	19	23	25	37	22
10	16	18	21	29	38	28
16	23	25	27	30	35	14
17	18	21	27	30	35	28
8	11	12	15	31	38	10
1	6	18	28	30	34	26
6	16	22	27	30	35	36
4	12	15	17	20	28	39
1	23	30	34	37	38	9
5	9	15	21	32	36	13
2	7	9	13	15	19	24
7	11	15	18	19	20	8
10	18	22	27	29	38	5
3	5	12	19	36	37	39
3	7	20	30	34	38	33
1	3	15	17	18	25	35
15	20	26	36	37	39	23
9	15	22	23	24	35	8
5	9	19	23	29	37	16
11	20	24	30	33	36	18
8	16	17	29	30	32	12
2	4	5	6	11	33	9
1	5	16	18	20	22	12
5	13	18	22	24	33	27
11	20	25	26	29	33	38
2	3	11	12	15	23	32
5	7	8	22	29	33	14
7	11	18	22	26	28	12
3	13	16	20	21	28	19
20	23	25	31	37	39	32
17	18	23	28	31	34	32
5	15	17	30	31	36	4
2	13	14	21	23	26	9
1	6	16	29	37	39	5
7	16	24	25	37	38	10
7	9	18	20	28	36	32
3	15	25	28	31	38	37
1	6	19	20	24	37	2
2	10	22	33	38	39	19
2	5	11	18	26	36	22
1	13	15	21	35	36	8
13	14	25	27	32	33	17
2	13	17	28	32	37	9
4	7	24	25	27	38	30
1	5	9	22	26	32	18
2	13	18	19	31	37	36
7	10	14	16	20	28	32
1	2	3	5	15	24	4
5	6	8	9	15	27	34
3	8	12	25	27	39	32
15	18	21	25	27	32	26
13	15	19	20	22	28	5
1	5	8	35	37	39	12
3	19	21	28	31	39	38
5	13	15	22	28	34	1
7	12	33	34	37	39	6
4	10	12	20	30	34	23
7	17	21	28	31	37	30
1	11	17	28	34	37	39
10	12	20	21	31	38	19
3	7	13	23	24	30	1
10	13	15	18	25	26	35
9	12	13	21	28	39	2
2	6	12	19	33	35	5
1	4	7	10	34	37	6
4	7	25	28	33	35	26
1	17	27	33	34	38	19
2	8	10	27	34	36	1
1	22	23	26	27	28	33
7	23	24	27	35	37	39
2	7	16	18	22	26	9
6	19	25	27	28	33	8
13	25	27	28	33	36	19
9	12	33	35	38	39	19
5	22	24	29	31	37	18
5	13	16	17	20	34	29
7	16	19	22	29	33	6
2	11	13	22	24	38	20
4	18	19	20	22	36	35
14	19	21	24	28	30	32
2	14	19	23	28	35	9
8	10	11	16	18	34	36
2	9	12	17	25	32	3
7	16	23	29	31	38	26
5	6	8	9	11	29	18
1	12	15	21	24	37	13
3	12	15	16	18	38	9
14	15	20	21	22	37	30
11	15	32	34	38	39	22
2	4	30	31	37	39	17
4	9	10	27	37	39	2
2	5	7	8	21	30	39
5	12	16	24	31	34	7
2	3	6	21	33	36	12
4	16	17	20	26	33	23
12	21	23	35	37	39	33
9	11	12	29	30	36	28
6	8	11	15	33	36	4
2	4	19	22	33	35	8
7	13	18	19	21	29	34
7	8	9	14	21	36	38
4	7	19	22	29	31	13
3	19	20	24	25	38	30
5	21	24	26	30	36	38
6	7	13	32	37	38	28
4	10	22	28	30	37	1
7	14	17	22	24	26	30
3	6	11	21	34	37	9
1	19	27	28	34	39	20
15	20	21	27	30	36	33
7	8	9	16	17	21	3
6	10	11	22	27	28	37
3	21	24	29	31	34	26
6	21	22	28	30	35	32
20	22	26	28	30	32	12
1	16	19	32	36	38	22
11	16	25	26	29	35	8
2	9	23	29	34	37	31
2	11	15	18	30	34	23
9	10	16	21	26	29	15
26	27	29	30	36	39	19
10	22	29	31	38	39	36
3	9	20	21	23	28	31
2	5	6	9	11	15	1
2	10	31	34	35	39	20
5	12	21	27	29	33	16
2	12	14	27	28	36	34
3	8	11	27	29	38	14
1	7	12	19	20	28	10
1	8	10	17	21	38	9
6	11	14	16	27	29	28
6	17	22	27	37	39	26
14	18	23	28	31	35	38
12	14	20	22	25	26	33
1	5	8	18	33	35	19
6	8	11	13	24	30	5
12	13	23	27	30	35	1
9	21	25	26	29	32	5
3	7	19	20	26	29	21
3	10	16	22	28	29	27
3	18	22	24	26	33	2
2	5	8	14	35	38	24
4	12	13	17	34	36	21
4	21	27	31	33	39	14
3	18	22	26	31	36	14
1	3	4	26	28	36	6
10	19	20	25	30	32	7
2	11	13	22	30	36	24
6	9	15	23	32	37	7
4	8	25	32	36	38	27
6	9	23	24	28	36	26
3	14	24	32	36	39	28
3	5	14	15	26	34	28
2	3	24	25	29	34	7
4	6	10	15	32	36	33
4	12	17	19	20	30	25
12	14	21	29	32	39	26
12	23	29	31	32	36	1
4	10	13	18	33	39	11
8	12	15	18	20	34	37
16	18	19	21	29	32	27
5	6	24	30	34	38	32
1	4	7	11	19	30	36
